    INT     ,         FLOAT          ,         FLOAT          , BOOL  ,         FLOAT          ,         FLOAT          ,         FLOAT          ,         FLOAT          ,         FLOAT          ,         FLOAT          ,         FLOAT          ,         FLOAT          ,         FLOAT          ,         FLOAT          ,         FLOAT          ,         FLOAT          ,         FLOAT          ,         FLOAT          ,         FLOAT          ,         FLOAT          ,         FLOAT          ,         FLOAT          ,         FLOAT          ,         FLOAT          ,         FLOAT          ,         FLOAT          ,         FLOAT          ,         FLOAT          ,        INT         ,        INT         ,      INT      ,      INT      ,         FLOAT          ,         FLOAT          ,         FLOAT          ,         FLOAT          ,         FLOAT          ,         FLOAT          ,         FLOAT          ,         FLOAT          ,         FLOAT          ,         FLOAT          ,         FLOAT          ,         FLOAT          ,         FLOAT          ,         FLOAT          ,         FLOAT          ,         FLOAT          ,         FLOAT          ,         FLOAT          ,         FLOAT          ,         FLOAT          ,         FLOAT          ,         FLOAT          ,           INT            ,           INT            ,         FLOAT          ,         FLOAT          ,         FLOAT          ,         FLOAT          ,         FLOAT          ,         FLOAT          ,         FLOAT          ,         FLOAT          ,   INT    ,         FLOAT          ,         FLOAT          ,         FLOAT          ,         FLOAT          ,         FLOAT          ,         FLOAT          ,         FLOAT          ,         FLOAT          ,          FLOAT          ,          FLOAT          ,         FLOAT          ,         FLOAT          ,         FLOAT          ,         FLOAT          ,INT
     -      ,          Myr           ,          Myr           , State ,          Rsol          ,           -            ,          Msol          ,          Msol          ,          Msol          ,          Msol          ,          Msol          ,          Msol          ,          Msol          ,          Msol          ,          Msol          ,          Msol          ,          Msol          ,          Msol          ,          Msol          ,          Msol          ,          Rsol          ,          Rsol          ,          Rsol          ,          Rsol          ,           Hz           ,           Hz           ,           Hz           ,           Hz           ,         -          ,         -          ,       -       ,       -       ,          Myr           ,          Myr           ,          Lsol          ,          Lsol          ,           K            ,           K            ,    Msol AU^2 yr^-1     ,    Msol AU^2 yr^-1     ,          Myr           ,          Myr           ,          Myr           ,          Myr           ,           -            ,           -            ,           -            ,           -            ,           -            ,           -            ,           -            ,           -            ,          Msol          ,          Msol          ,            -             ,            -             ,          Msol          ,          Msol          ,       Msol yr^-1       ,       Msol yr^-1       ,    Msol AU^2 yr^-1     ,    Msol AU^2 yr^-2     ,           -            ,           -            ,    -     ,         Tesla          ,         Tesla          ,         rad/s          ,         rad/s          ,        rad/s^2         ,        rad/s^2         ,           s            ,           s            ,           s/s           ,           s/s           ,          Myr           ,          Myr           ,        Msol/Myr        ,           -            ,-
    SEED    ,           dT           ,          Time          ,Unbound,     SemiMajorAxis      ,      Eccentricity      ,      Mass@ZAMS(1)      ,      Mass@ZAMS(2)      ,       Mass_0(1)        ,       Mass_0(2)        ,        Mass(1)         ,        Mass(2)         ,      Mass_Env(1)       ,      Mass_Env(2)       ,      Mass_Core(1)      ,      Mass_Core(2)      ,    Mass_He_Core(1)     ,    Mass_He_Core(2)     ,    Mass_CO_Core(1)     ,    Mass_CO_Core(2)     ,       Radius(1)        ,       Radius(2)        ,      RocheLobe(1)      ,      RocheLobe(2)      ,        Omega(1)        ,        Omega(2)        ,     Omega_Break(1)     ,     Omega_Break(2)     ,Stellar_Type@ZAMS(1),Stellar_Type@ZAMS(2),Stellar_Type(1),Stellar_Type(2),         Age(1)         ,         Age(2)         ,     Luminosity(1)      ,     Luminosity(2)      ,        Teff(1)         ,        Teff(2)         ,    Ang_Momentum(1)     ,    Ang_Momentum(2)     ,    Tau_Dynamical(1)    ,    Tau_Dynamical(2)    ,     Tau_Thermal(1)     ,     Tau_Thermal(2)     ,    Zeta_Soberman(1)    ,    Zeta_Soberman(2)    ,  Zeta_Soberman_He(1)   ,  Zeta_Soberman_He(2)   ,     Zeta_Hurley(1)     ,     Zeta_Hurley(2)     ,   Zeta_Hurley_He(1)    ,   Zeta_Hurley_He(2)    ,       dmWinds(1)       ,       dmWinds(2)       ,Dominant_Mass_Loss_Rate(1),Dominant_Mass_Loss_Rate(2),        dmMT(1)         ,        dmMT(2)         ,        Mdot(1)         ,        Mdot(2)         ,   Ang_Momentum_Total   ,      Energy_Total      ,  Metallicity@ZAMS(1)   ,  Metallicity@ZAMS(2)   ,MT_History,  Pulsar_Mag_Field(1)   ,  Pulsar_Mag_Field(2)   ,  Pulsar_Spin_Freq(1)   ,  Pulsar_Spin_Freq(2)   ,  Pulsar_Spin_Down(1)   ,  Pulsar_Spin_Down(2)   , Pulsar_Birth_Period(1) , Pulsar_Birth_Period(2) ,Pulsar_Birth_Spin_Down(1),Pulsar_Birth_Spin_Down(2),     Tau_Radial(1)      ,     Tau_Radial(2)      , MassTransferRateDonor  ,          Beta          ,Record_Type
  1725943046,       0.000000000000000,       0.000000000000000,0,       2.206228617752614,       0.000000000000000,       0.850000000000000,       0.850000000000000,       0.850000000000000,       0.850000000000000,       0.850000000000000,       0.850000000000000,       0.850000000000000,       0.850000000000000,       0.000000000000000,       0.000000000000000,       0.000000000000000,       0.000000000000000,       0.000000000000000,       0.000000000000000,       0.771786580904590,       0.771786580904590,       0.835985291504618,       0.835985291504618,       0.000249792457565,       0.000249792457565,       0.000853678332679,       0.000853678332679,                   1,                   1,              1,              1,       0.000000000000000,       0.000000000000000,       0.458794755382231,       0.458794755382231,    5412.944037346335790,    5412.944037346335790,       0.008631581076128,       0.008631581076128,       0.000000000036771,       0.000000000036771,      64.069573295569327,      64.069573295569327,      -0.333333333333333,      -0.333333333333333,      -0.333333333333333,      -0.333333333333333,      -0.281254257698058,      -0.281254257698058,      -0.281254257698058,      -0.281254257698058,       0.000000000000000,       0.000000000000000,                         0,                         0,       0.000000000000000,       0.000000000000000,       0.000000000000000,       0.000000000000000,       0.352668718309189,   -1390.017383974085760,       0.008000000000000,       0.008000000000000,         0,       0.000000000000000,       0.000000000000000,       0.000000000000000,       0.000000000000000,       0.000000000000000,       0.000000000000000,       0.000000000000000,       0.000000000000000,        0.000000000000000,        0.000000000000000,      -1.000000000000000,      -1.000000000000000,       0.000000000000000,       0.000000000000000,         1
  1725943046,       0.160121534996000,       0.160121534996000,0,       2.206228617752614,       0.000000000000000,       0.850000000000000,       0.850000000000000,       0.850000000000000,       0.850000000000000,       0.850000000000000,       0.850000000000000,       0.850000000000000,       0.850000000000000,       0.000000000000000,       0.000000000000000,       0.000000000000000,       0.000000000000000,       0.000000000000000,       0.000000000000000,       0.771788196571862,       0.771788196571862,       0.835985291504618,       0.835985291504618,       0.000249792457565,       0.000249792457565,       0.000853675652035,       0.000853675652035,                   1,                   1,              1,              1,       0.160121534996000,       0.160121534996000,       0.458797704915737,       0.458797704915737,    5412.947071347510246,    5412.947071347510246,       0.008631617215076,       0.008631617215076,       0.000000000036771,       0.000000000036771,      64.069027280157812,      64.069027280157812,      -0.333333333333333,      -0.333333333333333,      -0.333333333333333,      -0.333333333333333,      -0.281254257698058,      -0.281254257698058,      -0.281254257698058,      -0.281254257698058,       0.000000000000000,       0.000000000000000,                         0,                         0,       0.000000000000000,       0.000000000000000,       0.000000000000000,       0.000000000000000,       0.352668718309189,   -1390.017383974085760,       0.008000000000000,       0.008000000000000,         0,       0.000000000000000,       0.000000000000000,       0.000000000000000,       0.000000000000000,       0.000000000000000,       0.000000000000000,       0.000000000000000,       0.000000000000000,        0.000000000000000,        0.000000000000000,       0.000000000000000,       0.000000000000000,       0.000000000000000,       0.000000000000000,         2
  1725943046,       0.160121534996000,       0.160121534996000,0,       2.206228617752614,       0.000000000000000,       0.850000000000000,       0.850000000000000,       0.850000000000000,       0.850000000000000,       0.850000000000000,       0.850000000000000,       0.850000000000000,       0.850000000000000,       0.000000000000000,       0.000000000000000,       0.000000000000000,       0.000000000000000,       0.000000000000000,       0.000000000000000,       0.771788196571862,       0.771788196571862,       0.835985291504618,       0.835985291504618,       0.000249792457565,       0.000249792457565,       0.000853675652035,       0.000853675652035,                   1,                   1,              1,              1,       0.160121534996000,       0.160121534996000,       0.458797704915737,       0.458797704915737,    5412.947071347510246,    5412.947071347510246,       0.008631617215076,       0.008631617215076,       0.000000000036771,       0.000000000036771,      64.069027280157812,      64.069027280157812,      -0.333333333333333,      -0.333333333333333,      -0.333333333333333,      -0.333333333333333,      -0.281254257698058,      -0.281254257698058,      -0.281254257698058,      -0.281254257698058,       0.000000000000000,       0.000000000000000,                         0,                         0,       0.000000000000000,       0.000000000000000,       0.000000000000000,       0.000000000000000,       0.352668718309189,   -1390.017383974085760,       0.008000000000000,       0.008000000000000,         0,       0.000000000000000,       0.000000000000000,       0.000000000000000,       0.000000000000000,       0.000000000000000,       0.000000000000000,       0.000000000000000,       0.000000000000000,        0.000000000000000,        0.000000000000000,       0.000000000000000,       0.000000000000000,       0.000000000000000,       0.000000000000000,        10
  1725943046,       0.160121534996000,       0.160121534996000,0,       2.206228617752614,       0.000000000000000,       0.850000000000000,       0.850000000000000,       0.850000000000000,       0.850000000000000,       0.850000000000000,       0.850000000000000,       0.850000000000000,       0.850000000000000,       0.000000000000000,       0.000000000000000,       0.000000000000000,       0.000000000000000,       0.000000000000000,       0.000000000000000,       0.771788196571862,       0.771788196571862,       0.835985291504618,       0.835985291504618,       0.000249792457565,       0.000249792457565,       0.000853675652035,       0.000853675652035,                   1,                   1,              1,              1,       0.160121534996000,       0.160121534996000,       0.458797704915737,       0.458797704915737,    5412.947071347510246,    5412.947071347510246,       0.008631617215076,       0.008631617215076,       0.000000000036771,       0.000000000036771,      64.069027280157812,      64.069027280157812,      -0.333333333333333,      -0.333333333333333,      -0.333333333333333,      -0.333333333333333,      -0.281254257698058,      -0.281254257698058,      -0.281254257698058,      -0.281254257698058,       0.000000000000000,       0.000000000000000,                         0,                         0,       0.000000000000000,       0.000000000000000,       0.000000000000000,       0.000000000000000,       0.352668718309189,   -1390.017383974085760,       0.008000000000000,       0.008000000000000,         0,       0.000000000000000,       0.000000000000000,       0.000000000000000,       0.000000000000000,       0.000000000000000,       0.000000000000000,       0.000000000000000,       0.000000000000000,        0.000000000000000,        0.000000000000000,       0.000000000000000,       0.000000000000000,       0.000000000000000,       0.000000000000000,        11
  1725943046,       0.160121534996000,       0.160121534996000,0,       2.206228617752614,       0.000000000000000,       0.850000000000000,       0.850000000000000,       0.850000000000000,       0.850000000000000,       0.850000000000000,       0.850000000000000,       0.850000000000000,       0.850000000000000,       0.000000000000000,       0.000000000000000,       0.000000000000000,       0.000000000000000,       0.000000000000000,       0.000000000000000,       0.771788196571862,       0.771788196571862,       0.835985291504618,       0.835985291504618,       0.000249792457565,       0.000249792457565,       0.000853675652035,       0.000853675652035,                   1,                   1,              1,              1,       0.160121534996000,       0.160121534996000,       0.458797704915737,       0.458797704915737,    5412.947071347510246,    5412.947071347510246,       0.008631617215076,       0.008631617215076,       0.000000000036771,       0.000000000036771,      64.069027280157812,      64.069027280157812,      -0.333333333333333,      -0.333333333333333,      -0.333333333333333,      -0.333333333333333,      -0.281254257698058,      -0.281254257698058,      -0.281254257698058,      -0.281254257698058,       0.000000000000000,       0.000000000000000,                         0,                         0,       0.000000000000000,       0.000000000000000,       0.000000000000000,       0.000000000000000,       0.369931952739341,   -1321.975636249544095,       0.008000000000000,       0.008000000000000,         0,       0.000000000000000,       0.000000000000000,       0.000000000000000,       0.000000000000000,       0.000000000000000,       0.000000000000000,       0.000000000000000,       0.000000000000000,        0.000000000000000,        0.000000000000000,       0.000000000000000,       0.000000000000000,       0.000000000000000,       0.000000000000000,        14
  1725943046,       0.160121534996000,       0.160121534996000,0,       2.206228617752614,       0.000000000000000,       0.850000000000000,       0.850000000000000,       0.850000000000000,       0.850000000000000,       0.850000000000000,       0.850000000000000,       0.850000000000000,       0.850000000000000,       0.000000000000000,       0.000000000000000,       0.000000000000000,       0.000000000000000,       0.000000000000000,       0.000000000000000,       0.771788196571862,       0.771788196571862,       0.835985291504618,       0.835985291504618,       0.000249792457565,       0.000249792457565,       0.000853675652035,       0.000853675652035,                   1,                   1,              1,              1,       0.160121534996000,       0.160121534996000,       0.458797704915737,       0.458797704915737,    5412.947071347510246,    5412.947071347510246,       0.008631617215076,       0.008631617215076,       0.000000000036771,       0.000000000036771,      64.069027280157812,      64.069027280157812,      -0.333333333333333,      -0.333333333333333,      -0.333333333333333,      -0.333333333333333,      -0.281254257698058,      -0.281254257698058,      -0.281254257698058,      -0.281254257698058,       0.000000000000000,       0.000000000000000,                         0,                         0,       0.000000000000000,       0.000000000000000,       0.000000000000000,       0.000000000000000,       0.369931952739341,   -1321.975636249544095,       0.008000000000000,       0.008000000000000,         0,       0.000000000000000,       0.000000000000000,       0.000000000000000,       0.000000000000000,       0.000000000000000,       0.000000000000000,       0.000000000000000,       0.000000000000000,        0.000000000000000,        0.000000000000000,       0.000000000000000,       0.000000000000000,       0.000000000000000,       0.000000000000000,         3
  1725943046,       0.160121534996000,       0.160121534996000,0,       2.206228617752614,       0.000000000000000,       0.850000000000000,       0.850000000000000,       0.850000000000000,       0.850000000000000,       0.850000000000000,       0.850000000000000,       0.850000000000000,       0.850000000000000,       0.000000000000000,       0.000000000000000,       0.000000000000000,       0.000000000000000,       0.000000000000000,       0.000000000000000,       0.771788196571862,       0.771788196571862,       0.835985291504618,       0.835985291504618,       0.000249792457565,       0.000249792457565,       0.000853675652035,       0.000853675652035,                   1,                   1,              1,              1,       0.160121534996000,       0.160121534996000,       0.458797704915737,       0.458797704915737,    5412.947071347510246,    5412.947071347510246,       0.008631617215076,       0.008631617215076,       0.000000000036771,       0.000000000036771,      64.069027280157812,      64.069027280157812,      -0.333333333333333,      -0.333333333333333,      -0.333333333333333,      -0.333333333333333,      -0.281254257698058,      -0.281254257698058,      -0.281254257698058,      -0.281254257698058,       0.000000000000000,       0.000000000000000,                         0,                         0,       0.000000000000000,       0.000000000000000,       0.000000000000000,       0.000000000000000,       0.369931952739341,   -1321.975636249544095,       0.008000000000000,       0.008000000000000,         0,       0.000000000000000,       0.000000000000000,       0.000000000000000,       0.000000000000000,       0.000000000000000,       0.000000000000000,       0.000000000000000,       0.000000000000000,        0.000000000000000,        0.000000000000000,       0.000000000000000,       0.000000000000000,       0.000000000000000,       0.500000000000000,         4
  1725943046,     160.121534995807991,     160.281656530803986,0,       2.206228617752614,       0.000000000000000,       0.850000000000000,       0.850000000000000,       0.850000000000000,       0.850000000000000,       0.850000000000000,       0.850000000000000,       0.850000000000000,       0.850000000000000,       0.000000000000000,       0.000000000000000,       0.000000000000000,       0.000000000000000,       0.000000000000000,       0.000000000000000,       0.773405655096985,       0.773405655096985,       0.835985291504618,       0.835985291504618,       0.000249792457565,       0.000249792457565,       0.000850999056430,       0.000850999056430,                   1,                   1,              1,              1,     160.281656530803986,     160.281656530803986,       0.461776942925858,       0.461776942925858,    5416.040795372379762,    5416.040795372379762,       0.008667834178335,       0.008667834178335,       0.000000000036887,       0.000000000036887,      63.522548272133200,      63.522548272133200,      -0.333333333333333,      -0.333333333333333,      -0.333333333333333,      -0.333333333333333,      -0.281254257698058,      -0.281254257698058,      -0.281254257698058,      -0.281254257698058,       0.000000000000000,       0.000000000000000,                         0,                         0,       0.000000000000000,       0.000000000000000,       0.000000000000000,       0.000000000000000,       0.369931952739341,   -1321.975636249544095,       0.008000000000000,       0.008000000000000,         0,       0.000000000000000,       0.000000000000000,       0.000000000000000,       0.000000000000000,       0.000000000000000,       0.000000000000000,       0.000000000000000,       0.000000000000000,        0.000000000000000,        0.000000000000000,      76.403758617249196,      76.403758617249196,       0.000000000000000,       0.500000000000000,         2
  1725943046,     160.121534995807991,     160.281656530803986,0,       2.206228617752614,       0.000000000000000,       0.850000000000000,       0.850000000000000,       0.850000000000000,       0.850000000000000,       0.850000000000000,       0.850000000000000,       0.850000000000000,       0.850000000000000,       0.000000000000000,       0.000000000000000,       0.000000000000000,       0.000000000000000,       0.000000000000000,       0.000000000000000,       0.773405655096985,       0.773405655096985,       0.835985291504618,       0.835985291504618,       0.000249792457565,       0.000249792457565,       0.000850999056430,       0.000850999056430,                   1,                   1,              1,              1,     160.281656530803986,     160.281656530803986,       0.461776942925858,       0.461776942925858,    5416.040795372379762,    5416.040795372379762,       0.008667834178335,       0.008667834178335,       0.000000000036887,       0.000000000036887,      63.522548272133200,      63.522548272133200,      -0.333333333333333,      -0.333333333333333,      -0.333333333333333,      -0.333333333333333,      -0.281254257698058,      -0.281254257698058,      -0.281254257698058,      -0.281254257698058,       0.000000000000000,       0.000000000000000,                         0,                         0,       0.000000000000000,       0.000000000000000,       0.000000000000000,       0.000000000000000,       0.369931952739341,   -1321.975636249544095,       0.008000000000000,       0.008000000000000,         0,       0.000000000000000,       0.000000000000000,       0.000000000000000,       0.000000000000000,       0.000000000000000,       0.000000000000000,       0.000000000000000,       0.000000000000000,        0.000000000000000,        0.000000000000000,      76.403758617249196,      76.403758617249196,       0.000000000000000,       0.500000000000000,        10
  1725943046,     160.121534995807991,     160.281656530803986,0,       2.206228617752614,       0.000000000000000,       0.850000000000000,       0.850000000000000,       0.850000000000000,       0.850000000000000,       0.850000000000000,       0.850000000000000,       0.850000000000000,       0.850000000000000,       0.000000000000000,       0.000000000000000,       0.000000000000000,       0.000000000000000,       0.000000000000000,       0.000000000000000,       0.773405655096985,       0.773405655096985,       0.835985291504618,       0.835985291504618,       0.000249792457565,       0.000249792457565,       0.000850999056430,       0.000850999056430,                   1,                   1,              1,              1,     160.281656530803986,     160.281656530803986,       0.461776942925858,       0.461776942925858,    5416.040795372379762,    5416.040795372379762,       0.008667834178335,       0.008667834178335,       0.000000000036887,       0.000000000036887,      63.522548272133200,      63.522548272133200,      -0.333333333333333,      -0.333333333333333,      -0.333333333333333,      -0.333333333333333,      -0.281254257698058,      -0.281254257698058,      -0.281254257698058,      -0.281254257698058,       0.000000000000000,       0.000000000000000,                         0,                         0,       0.000000000000000,       0.000000000000000,       0.000000000000000,       0.000000000000000,       0.369931952739341,   -1321.975636249544095,       0.008000000000000,       0.008000000000000,         0,       0.000000000000000,       0.000000000000000,       0.000000000000000,       0.000000000000000,       0.000000000000000,       0.000000000000000,       0.000000000000000,       0.000000000000000,        0.000000000000000,        0.000000000000000,      76.403758617249196,      76.403758617249196,       0.000000000000000,       0.500000000000000,        11
  1725943046,     160.121534995807991,     160.281656530803986,0,       2.206228617752614,       0.000000000000000,       0.850000000000000,       0.850000000000000,       0.850000000000000,       0.850000000000000,       0.850000000000000,       0.850000000000000,       0.850000000000000,       0.850000000000000,       0.000000000000000,       0.000000000000000,       0.000000000000000,       0.000000000000000,       0.000000000000000,       0.000000000000000,       0.773405655096985,       0.773405655096985,       0.835985291504618,       0.835985291504618,       0.000249792457565,       0.000249792457565,       0.000850999056430,       0.000850999056430,                   1,                   1,              1,              1,     160.281656530803986,     160.281656530803986,       0.461776942925858,       0.461776942925858,    5416.040795372379762,    5416.040795372379762,       0.008667834178335,       0.008667834178335,       0.000000000036887,       0.000000000036887,      63.522548272133200,      63.522548272133200,      -0.333333333333333,      -0.333333333333333,      -0.333333333333333,      -0.333333333333333,      -0.281254257698058,      -0.281254257698058,      -0.281254257698058,      -0.281254257698058,       0.000000000000000,       0.000000000000000,                         0,                         0,       0.000000000000000,       0.000000000000000,       0.000000000000000,       0.000000000000000,       0.370004386665858,   -1321.690143344102125,       0.008000000000000,       0.008000000000000,         0,       0.000000000000000,       0.000000000000000,       0.000000000000000,       0.000000000000000,       0.000000000000000,       0.000000000000000,       0.000000000000000,       0.000000000000000,        0.000000000000000,        0.000000000000000,      76.403758617249196,      76.403758617249196,       0.000000000000000,       0.500000000000000,        14
  1725943046,     160.121534995807991,     160.281656530803986,0,       2.206228617752614,       0.000000000000000,       0.850000000000000,       0.850000000000000,       0.850000000000000,       0.850000000000000,       0.850000000000000,       0.850000000000000,       0.850000000000000,       0.850000000000000,       0.000000000000000,       0.000000000000000,       0.000000000000000,       0.000000000000000,       0.000000000000000,       0.000000000000000,       0.773405655096985,       0.773405655096985,       0.835985291504618,       0.835985291504618,       0.000249792457565,       0.000249792457565,       0.000850999056430,       0.000850999056430,                   1,                   1,              1,              1,     160.281656530803986,     160.281656530803986,       0.461776942925858,       0.461776942925858,    5416.040795372379762,    5416.040795372379762,       0.008667834178335,       0.008667834178335,       0.000000000036887,       0.000000000036887,      63.522548272133200,      63.522548272133200,      -0.333333333333333,      -0.333333333333333,      -0.333333333333333,      -0.333333333333333,      -0.281254257698058,      -0.281254257698058,      -0.281254257698058,      -0.281254257698058,       0.000000000000000,       0.000000000000000,                         0,                         0,       0.000000000000000,       0.000000000000000,       0.000000000000000,       0.000000000000000,       0.370004386665858,   -1321.690143344102125,       0.008000000000000,       0.008000000000000,         0,       0.000000000000000,       0.000000000000000,       0.000000000000000,       0.000000000000000,       0.000000000000000,       0.000000000000000,       0.000000000000000,       0.000000000000000,        0.000000000000000,        0.000000000000000,      76.403758617249196,      76.403758617249196,       0.000000000000000,       0.500000000000000,         3
  1725943046,     160.121534995807991,     160.281656530803986,0,       2.206228617752614,       0.000000000000000,       0.850000000000000,       0.850000000000000,       0.850000000000000,       0.850000000000000,       0.850000000000000,       0.850000000000000,       0.850000000000000,       0.850000000000000,       0.000000000000000,       0.000000000000000,       0.000000000000000,       0.000000000000000,       0.000000000000000,       0.000000000000000,       0.773405655096985,       0.773405655096985,       0.835985291504618,       0.835985291504618,       0.000249792457565,       0.000249792457565,       0.000850999056430,       0.000850999056430,                   1,                   1,              1,              1,     160.281656530803986,     160.281656530803986,       0.461776942925858,       0.461776942925858,    5416.040795372379762,    5416.040795372379762,       0.008667834178335,       0.008667834178335,       0.000000000036887,       0.000000000036887,      63.522548272133200,      63.522548272133200,      -0.333333333333333,      -0.333333333333333,      -0.333333333333333,      -0.333333333333333,      -0.281254257698058,      -0.281254257698058,      -0.281254257698058,      -0.281254257698058,       0.000000000000000,       0.000000000000000,                         0,                         0,       0.000000000000000,       0.000000000000000,       0.000000000000000,       0.000000000000000,       0.370004386665858,   -1321.690143344102125,       0.008000000000000,       0.008000000000000,         0,       0.000000000000000,       0.000000000000000,       0.000000000000000,       0.000000000000000,       0.000000000000000,       0.000000000000000,       0.000000000000000,       0.000000000000000,        0.000000000000000,        0.000000000000000,      76.403758617249196,      76.403758617249196,       0.000000000000000,       0.500000000000000,         4
  1725943046,     160.121534995807991,     320.403191526611977,0,       2.206228617752614,       0.000000000000000,       0.850000000000000,       0.850000000000000,       0.850000000000000,       0.850000000000000,       0.850000000000000,       0.850000000000000,       0.850000000000000,       0.850000000000000,       0.000000000000000,       0.000000000000000,       0.000000000000000,       0.000000000000000,       0.000000000000000,       0.000000000000000,       0.775027086944364,       0.775027086944364,       0.835985291504618,       0.835985291504618,       0.000249792457565,       0.000249792457565,       0.000848329894819,       0.000848329894819,                   1,                   1,              1,              1,     320.403191526611977,     320.403191526611977,       0.464816138324377,       0.464816138324377,    5419.252622717528538,    5419.252622717528538,       0.008704216210442,       0.008704216210442,       0.000000000037003,       0.000000000037003,      62.975180364631342,      62.975180364631342,      -0.333333333333333,      -0.333333333333333,      -0.333333333333333,      -0.333333333333333,      -0.281254257698058,      -0.281254257698058,      -0.281254257698058,      -0.281254257698058,       0.000000000000000,       0.000000000000000,                         0,                         0,       0.000000000000000,       0.000000000000000,       0.000000000000000,       0.000000000000000,       0.370004386665858,   -1321.690143344102125,       0.008000000000000,       0.008000000000000,         0,       0.000000000000000,       0.000000000000000,       0.000000000000000,       0.000000000000000,       0.000000000000000,       0.000000000000000,       0.000000000000000,       0.000000000000000,        0.000000000000000,        0.000000000000000,   76376.260197894589510,   76376.260197894589510,       0.000000000000000,       0.500000000000000,         2
  1725943046,     160.121534995807991,     320.403191526611977,0,       2.206228617752614,       0.000000000000000,       0.850000000000000,       0.850000000000000,       0.850000000000000,       0.850000000000000,       0.850000000000000,       0.850000000000000,       0.850000000000000,       0.850000000000000,       0.000000000000000,       0.000000000000000,       0.000000000000000,       0.000000000000000,       0.000000000000000,       0.000000000000000,       0.775027086944364,       0.775027086944364,       0.835985291504618,       0.835985291504618,       0.000249792457565,       0.000249792457565,       0.000848329894819,       0.000848329894819,                   1,                   1,              1,              1,     320.403191526611977,     320.403191526611977,       0.464816138324377,       0.464816138324377,    5419.252622717528538,    5419.252622717528538,       0.008704216210442,       0.008704216210442,       0.000000000037003,       0.000000000037003,      62.975180364631342,      62.975180364631342,      -0.333333333333333,      -0.333333333333333,      -0.333333333333333,      -0.333333333333333,      -0.281254257698058,      -0.281254257698058,      -0.281254257698058,      -0.281254257698058,       0.000000000000000,       0.000000000000000,                         0,                         0,       0.000000000000000,       0.000000000000000,       0.000000000000000,       0.000000000000000,       0.370004386665858,   -1321.690143344102125,       0.008000000000000,       0.008000000000000,         0,       0.000000000000000,       0.000000000000000,       0.000000000000000,       0.000000000000000,       0.000000000000000,       0.000000000000000,       0.000000000000000,       0.000000000000000,        0.000000000000000,        0.000000000000000,   76376.260197894589510,   76376.260197894589510,       0.000000000000000,       0.500000000000000,        10
  1725943046,     160.121534995807991,     320.403191526611977,0,       2.206228617752614,       0.000000000000000,       0.850000000000000,       0.850000000000000,       0.850000000000000,       0.850000000000000,       0.850000000000000,       0.850000000000000,       0.850000000000000,       0.850000000000000,       0.000000000000000,       0.000000000000000,       0.000000000000000,       0.000000000000000,       0.000000000000000,       0.000000000000000,       0.775027086944364,       0.775027086944364,       0.835985291504618,       0.835985291504618,       0.000249792457565,       0.000249792457565,       0.000848329894819,       0.000848329894819,                   1,                   1,              1,              1,     320.403191526611977,     320.403191526611977,       0.464816138324377,       0.464816138324377,    5419.252622717528538,    5419.252622717528538,       0.008704216210442,       0.008704216210442,       0.000000000037003,       0.000000000037003,      62.975180364631342,      62.975180364631342,      -0.333333333333333,      -0.333333333333333,      -0.333333333333333,      -0.333333333333333,      -0.281254257698058,      -0.281254257698058,      -0.281254257698058,      -0.281254257698058,       0.000000000000000,       0.000000000000000,                         0,                         0,       0.000000000000000,       0.000000000000000,       0.000000000000000,       0.000000000000000,       0.370004386665858,   -1321.690143344102125,       0.008000000000000,       0.008000000000000,         0,       0.000000000000000,       0.000000000000000,       0.000000000000000,       0.000000000000000,       0.000000000000000,       0.000000000000000,       0.000000000000000,       0.000000000000000,        0.000000000000000,        0.000000000000000,   76376.260197894589510,   76376.260197894589510,       0.000000000000000,       0.500000000000000,        11
  1725943046,     160.121534995807991,     320.403191526611977,0,       2.206228617752614,       0.000000000000000,       0.850000000000000,       0.850000000000000,       0.850000000000000,       0.850000000000000,       0.850000000000000,       0.850000000000000,       0.850000000000000,       0.850000000000000,       0.000000000000000,       0.000000000000000,       0.000000000000000,       0.000000000000000,       0.000000000000000,       0.000000000000000,       0.775027086944364,       0.775027086944364,       0.835985291504618,       0.835985291504618,       0.000249792457565,       0.000249792457565,       0.000848329894819,       0.000848329894819,                   1,                   1,              1,              1,     320.403191526611977,     320.403191526611977,       0.464816138324377,       0.464816138324377,    5419.252622717528538,    5419.252622717528538,       0.008704216210442,       0.008704216210442,       0.000000000037003,       0.000000000037003,      62.975180364631342,      62.975180364631342,      -0.333333333333333,      -0.333333333333333,      -0.333333333333333,      -0.333333333333333,      -0.281254257698058,      -0.281254257698058,      -0.281254257698058,      -0.281254257698058,       0.000000000000000,       0.000000000000000,                         0,                         0,       0.000000000000000,       0.000000000000000,       0.000000000000000,       0.000000000000000,       0.370077150730073,   -1321.403349225609645,       0.008000000000000,       0.008000000000000,         0,       0.000000000000000,       0.000000000000000,       0.000000000000000,       0.000000000000000,       0.000000000000000,       0.000000000000000,       0.000000000000000,       0.000000000000000,        0.000000000000000,        0.000000000000000,   76376.260197894589510,   76376.260197894589510,       0.000000000000000,       0.500000000000000,        14
  1725943046,     160.121534995807991,     320.403191526611977,0,       2.206228617752614,       0.000000000000000,       0.850000000000000,       0.850000000000000,       0.850000000000000,       0.850000000000000,       0.850000000000000,       0.850000000000000,       0.850000000000000,       0.850000000000000,       0.000000000000000,       0.000000000000000,       0.000000000000000,       0.000000000000000,       0.000000000000000,       0.000000000000000,       0.775027086944364,       0.775027086944364,       0.835985291504618,       0.835985291504618,       0.000249792457565,       0.000249792457565,       0.000848329894819,       0.000848329894819,                   1,                   1,              1,              1,     320.403191526611977,     320.403191526611977,       0.464816138324377,       0.464816138324377,    5419.252622717528538,    5419.252622717528538,       0.008704216210442,       0.008704216210442,       0.000000000037003,       0.000000000037003,      62.975180364631342,      62.975180364631342,      -0.333333333333333,      -0.333333333333333,      -0.333333333333333,      -0.333333333333333,      -0.281254257698058,      -0.281254257698058,      -0.281254257698058,      -0.281254257698058,       0.000000000000000,       0.000000000000000,                         0,                         0,       0.000000000000000,       0.000000000000000,       0.000000000000000,       0.000000000000000,       0.370077150730073,   -1321.403349225609645,       0.008000000000000,       0.008000000000000,         0,       0.000000000000000,       0.000000000000000,       0.000000000000000,       0.000000000000000,       0.000000000000000,       0.000000000000000,       0.000000000000000,       0.000000000000000,        0.000000000000000,        0.000000000000000,   76376.260197894589510,   76376.260197894589510,       0.000000000000000,       0.500000000000000,         3
  1725943046,     160.121534995807991,     320.403191526611977,0,       2.206228617752614,       0.000000000000000,       0.850000000000000,       0.850000000000000,       0.850000000000000,       0.850000000000000,       0.850000000000000,       0.850000000000000,       0.850000000000000,       0.850000000000000,       0.000000000000000,       0.000000000000000,       0.000000000000000,       0.000000000000000,       0.000000000000000,       0.000000000000000,       0.775027086944364,       0.775027086944364,       0.835985291504618,       0.835985291504618,       0.000249792457565,       0.000249792457565,       0.000848329894819,       0.000848329894819,                   1,                   1,              1,              1,     320.403191526611977,     320.403191526611977,       0.464816138324377,       0.464816138324377,    5419.252622717528538,    5419.252622717528538,       0.008704216210442,       0.008704216210442,       0.000000000037003,       0.000000000037003,      62.975180364631342,      62.975180364631342,      -0.333333333333333,      -0.333333333333333,      -0.333333333333333,      -0.333333333333333,      -0.281254257698058,      -0.281254257698058,      -0.281254257698058,      -0.281254257698058,       0.000000000000000,       0.000000000000000,                         0,                         0,       0.000000000000000,       0.000000000000000,       0.000000000000000,       0.000000000000000,       0.370077150730073,   -1321.403349225609645,       0.008000000000000,       0.008000000000000,         0,       0.000000000000000,       0.000000000000000,       0.000000000000000,       0.000000000000000,       0.000000000000000,       0.000000000000000,       0.000000000000000,       0.000000000000000,        0.000000000000000,        0.000000000000000,   76376.260197894589510,   76376.260197894589510,       0.000000000000000,       0.500000000000000,         4
  1725943046,     160.121534995807991,     480.524726522419996,0,       2.206228617752614,       0.000000000000000,       0.850000000000000,       0.850000000000000,       0.850000000000000,       0.850000000000000,       0.850000000000000,       0.850000000000000,       0.850000000000000,       0.850000000000000,       0.000000000000000,       0.000000000000000,       0.000000000000000,       0.000000000000000,       0.000000000000000,       0.000000000000000,       0.776653087096756,       0.776653087096756,       0.835985291504618,       0.835985291504618,       0.000249792457565,       0.000249792457565,       0.000845667195721,       0.000845667195721,                   1,                   1,              1,              1,     480.524726522419996,     480.524726522419996,       0.467916218591844,       0.467916218591844,    5422.580721892632027,    5422.580721892632027,       0.008740777263905,       0.008740777263905,       0.000000000037119,       0.000000000037119,      62.426980315611196,      62.426980315611196,      -0.333333333333333,      -0.333333333333333,      -0.333333333333333,      -0.333333333333333,      -0.281254257698058,      -0.281254257698058,      -0.281254257698058,      -0.281254257698058,       0.000000000000000,       0.000000000000000,                         0,                         0,       0.000000000000000,       0.000000000000000,       0.000000000000000,       0.000000000000000,       0.370077150730073,   -1321.403349225609645,       0.008000000000000,       0.008000000000000,         0,       0.000000000000000,       0.000000000000000,       0.000000000000000,       0.000000000000000,       0.000000000000000,       0.000000000000000,       0.000000000000000,       0.000000000000000,        0.000000000000000,        0.000000000000000,   76321.350057875810307,   76321.350057875810307,       0.000000000000000,       0.500000000000000,         2
  1725943046,     160.121534995807991,     480.524726522419996,0,       2.206228617752614,       0.000000000000000,       0.850000000000000,       0.850000000000000,       0.850000000000000,       0.850000000000000,       0.850000000000000,       0.850000000000000,       0.850000000000000,       0.850000000000000,       0.000000000000000,       0.000000000000000,       0.000000000000000,       0.000000000000000,       0.000000000000000,       0.000000000000000,       0.776653087096756,       0.776653087096756,       0.835985291504618,       0.835985291504618,       0.000249792457565,       0.000249792457565,       0.000845667195721,       0.000845667195721,                   1,                   1,              1,              1,     480.524726522419996,     480.524726522419996,       0.467916218591844,       0.467916218591844,    5422.580721892632027,    5422.580721892632027,       0.008740777263905,       0.008740777263905,       0.000000000037119,       0.000000000037119,      62.426980315611196,      62.426980315611196,      -0.333333333333333,      -0.333333333333333,      -0.333333333333333,      -0.333333333333333,      -0.281254257698058,      -0.281254257698058,      -0.281254257698058,      -0.281254257698058,       0.000000000000000,       0.000000000000000,                         0,                         0,       0.000000000000000,       0.000000000000000,       0.000000000000000,       0.000000000000000,       0.370077150730073,   -1321.403349225609645,       0.008000000000000,       0.008000000000000,         0,       0.000000000000000,       0.000000000000000,       0.000000000000000,       0.000000000000000,       0.000000000000000,       0.000000000000000,       0.000000000000000,       0.000000000000000,        0.000000000000000,        0.000000000000000,   76321.350057875810307,   76321.350057875810307,       0.000000000000000,       0.500000000000000,        10
  1725943046,     160.121534995807991,     480.524726522419996,0,       2.206228617752614,       0.000000000000000,       0.850000000000000,       0.850000000000000,       0.850000000000000,       0.850000000000000,       0.850000000000000,       0.850000000000000,       0.850000000000000,       0.850000000000000,       0.000000000000000,       0.000000000000000,       0.000000000000000,       0.000000000000000,       0.000000000000000,       0.000000000000000,       0.776653087096756,       0.776653087096756,       0.835985291504618,       0.835985291504618,       0.000249792457565,       0.000249792457565,       0.000845667195721,       0.000845667195721,                   1,                   1,              1,              1,     480.524726522419996,     480.524726522419996,       0.467916218591844,       0.467916218591844,    5422.580721892632027,    5422.580721892632027,       0.008740777263905,       0.008740777263905,       0.000000000037119,       0.000000000037119,      62.426980315611196,      62.426980315611196,      -0.333333333333333,      -0.333333333333333,      -0.333333333333333,      -0.333333333333333,      -0.281254257698058,      -0.281254257698058,      -0.281254257698058,      -0.281254257698058,       0.000000000000000,       0.000000000000000,                         0,                         0,       0.000000000000000,       0.000000000000000,       0.000000000000000,       0.000000000000000,       0.370077150730073,   -1321.403349225609645,       0.008000000000000,       0.008000000000000,         0,       0.000000000000000,       0.000000000000000,       0.000000000000000,       0.000000000000000,       0.000000000000000,       0.000000000000000,       0.000000000000000,       0.000000000000000,        0.000000000000000,        0.000000000000000,   76321.350057875810307,   76321.350057875810307,       0.000000000000000,       0.500000000000000,        11
  1725943046,     160.121534995807991,     480.524726522419996,0,       2.206228617752614,       0.000000000000000,       0.850000000000000,       0.850000000000000,       0.850000000000000,       0.850000000000000,       0.850000000000000,       0.850000000000000,       0.850000000000000,       0.850000000000000,       0.000000000000000,       0.000000000000000,       0.000000000000000,       0.000000000000000,       0.000000000000000,       0.000000000000000,       0.776653087096756,       0.776653087096756,       0.835985291504618,       0.835985291504618,       0.000249792457565,       0.000249792457565,       0.000845667195721,       0.000845667195721,                   1,                   1,              1,              1,     480.524726522419996,     480.524726522419996,       0.467916218591844,       0.467916218591844,    5422.580721892632027,    5422.580721892632027,       0.008740777263905,       0.008740777263905,       0.000000000037119,       0.000000000037119,      62.426980315611196,      62.426980315611196,      -0.333333333333333,      -0.333333333333333,      -0.333333333333333,      -0.333333333333333,      -0.281254257698058,      -0.281254257698058,      -0.281254257698058,      -0.281254257698058,       0.000000000000000,       0.000000000000000,                         0,                         0,       0.000000000000000,       0.000000000000000,       0.000000000000000,       0.000000000000000,       0.370150272836998,   -1321.115143908546088,       0.008000000000000,       0.008000000000000,         0,       0.000000000000000,       0.000000000000000,       0.000000000000000,       0.000000000000000,       0.000000000000000,       0.000000000000000,       0.000000000000000,       0.000000000000000,        0.000000000000000,        0.000000000000000,   76321.350057875810307,   76321.350057875810307,       0.000000000000000,       0.500000000000000,        14
  1725943046,     160.121534995807991,     480.524726522419996,0,       2.206228617752614,       0.000000000000000,       0.850000000000000,       0.850000000000000,       0.850000000000000,       0.850000000000000,       0.850000000000000,       0.850000000000000,       0.850000000000000,       0.850000000000000,       0.000000000000000,       0.000000000000000,       0.000000000000000,       0.000000000000000,       0.000000000000000,       0.000000000000000,       0.776653087096756,       0.776653087096756,       0.835985291504618,       0.835985291504618,       0.000249792457565,       0.000249792457565,       0.000845667195721,       0.000845667195721,                   1,                   1,              1,              1,     480.524726522419996,     480.524726522419996,       0.467916218591844,       0.467916218591844,    5422.580721892632027,    5422.580721892632027,       0.008740777263905,       0.008740777263905,       0.000000000037119,       0.000000000037119,      62.426980315611196,      62.426980315611196,      -0.333333333333333,      -0.333333333333333,      -0.333333333333333,      -0.333333333333333,      -0.281254257698058,      -0.281254257698058,      -0.281254257698058,      -0.281254257698058,       0.000000000000000,       0.000000000000000,                         0,                         0,       0.000000000000000,       0.000000000000000,       0.000000000000000,       0.000000000000000,       0.370150272836998,   -1321.115143908546088,       0.008000000000000,       0.008000000000000,         0,       0.000000000000000,       0.000000000000000,       0.000000000000000,       0.000000000000000,       0.000000000000000,       0.000000000000000,       0.000000000000000,       0.000000000000000,        0.000000000000000,        0.000000000000000,   76321.350057875810307,   76321.350057875810307,       0.000000000000000,       0.500000000000000,         3
  1725943046,     160.121534995807991,     480.524726522419996,0,       2.206228617752614,       0.000000000000000,       0.850000000000000,       0.850000000000000,       0.850000000000000,       0.850000000000000,       0.850000000000000,       0.850000000000000,       0.850000000000000,       0.850000000000000,       0.000000000000000,       0.000000000000000,       0.000000000000000,       0.000000000000000,       0.000000000000000,       0.000000000000000,       0.776653087096756,       0.776653087096756,       0.835985291504618,       0.835985291504618,       0.000249792457565,       0.000249792457565,       0.000845667195721,       0.000845667195721,                   1,                   1,              1,              1,     480.524726522419996,     480.524726522419996,       0.467916218591844,       0.467916218591844,    5422.580721892632027,    5422.580721892632027,       0.008740777263905,       0.008740777263905,       0.000000000037119,       0.000000000037119,      62.426980315611196,      62.426980315611196,      -0.333333333333333,      -0.333333333333333,      -0.333333333333333,      -0.333333333333333,      -0.281254257698058,      -0.281254257698058,      -0.281254257698058,      -0.281254257698058,       0.000000000000000,       0.000000000000000,                         0,                         0,       0.000000000000000,       0.000000000000000,       0.000000000000000,       0.000000000000000,       0.370150272836998,   -1321.115143908546088,       0.008000000000000,       0.008000000000000,         0,       0.000000000000000,       0.000000000000000,       0.000000000000000,       0.000000000000000,       0.000000000000000,       0.000000000000000,       0.000000000000000,       0.000000000000000,        0.000000000000000,        0.000000000000000,   76321.350057875810307,   76321.350057875810307,       0.000000000000000,       0.500000000000000,         4
  1725943046,     160.121534995807991,     640.646261518228016,0,       2.206228617752614,       0.000000000000000,       0.850000000000000,       0.850000000000000,       0.850000000000000,       0.850000000000000,       0.850000000000000,       0.850000000000000,       0.850000000000000,       0.850000000000000,       0.000000000000000,       0.000000000000000,       0.000000000000000,       0.000000000000000,       0.000000000000000,       0.000000000000000,       0.778284255473820,       0.778284255473820,       0.835985291504618,       0.835985291504618,       0.000249792457565,       0.000249792457565,       0.000843009999670,       0.000843009999670,                   1,                   1,              1,              1,     640.646261518228016,     640.646261518228016,       0.471078133367020,       0.471078133367020,    5426.023263971119377,    5426.023263971119377,       0.008777531516406,       0.008777531516406,       0.000000000037236,       0.000000000037236,      61.878005843058560,      61.878005843058560,      -0.333333333333333,      -0.333333333333333,      -0.333333333333333,      -0.333333333333333,      -0.281254257698058,      -0.281254257698058,      -0.281254257698058,      -0.281254257698058,       0.000000000000000,       0.000000000000000,                         0,                         0,       0.000000000000000,       0.000000000000000,       0.000000000000000,       0.000000000000000,       0.370150272836998,   -1321.115143908546088,       0.008000000000000,       0.008000000000000,         0,       0.000000000000000,       0.000000000000000,       0.000000000000000,       0.000000000000000,       0.000000000000000,       0.000000000000000,       0.000000000000000,       0.000000000000000,        0.000000000000000,        0.000000000000000,   76239.146254765699268,   76239.146254765699268,       0.000000000000000,       0.500000000000000,         2
  1725943046,     160.121534995807991,     640.646261518228016,0,       2.206228617752614,       0.000000000000000,       0.850000000000000,       0.850000000000000,       0.850000000000000,       0.850000000000000,       0.850000000000000,       0.850000000000000,       0.850000000000000,       0.850000000000000,       0.000000000000000,       0.000000000000000,       0.000000000000000,       0.000000000000000,       0.000000000000000,       0.000000000000000,       0.778284255473820,       0.778284255473820,       0.835985291504618,       0.835985291504618,       0.000249792457565,       0.000249792457565,       0.000843009999670,       0.000843009999670,                   1,                   1,              1,              1,     640.646261518228016,     640.646261518228016,       0.471078133367020,       0.471078133367020,    5426.023263971119377,    5426.023263971119377,       0.008777531516406,       0.008777531516406,       0.000000000037236,       0.000000000037236,      61.878005843058560,      61.878005843058560,      -0.333333333333333,      -0.333333333333333,      -0.333333333333333,      -0.333333333333333,      -0.281254257698058,      -0.281254257698058,      -0.281254257698058,      -0.281254257698058,       0.000000000000000,       0.000000000000000,                         0,                         0,       0.000000000000000,       0.000000000000000,       0.000000000000000,       0.000000000000000,       0.370150272836998,   -1321.115143908546088,       0.008000000000000,       0.008000000000000,         0,       0.000000000000000,       0.000000000000000,       0.000000000000000,       0.000000000000000,       0.000000000000000,       0.000000000000000,       0.000000000000000,       0.000000000000000,        0.000000000000000,        0.000000000000000,   76239.146254765699268,   76239.146254765699268,       0.000000000000000,       0.500000000000000,        10
  1725943046,     160.121534995807991,     640.646261518228016,0,       2.206228617752614,       0.000000000000000,       0.850000000000000,       0.850000000000000,       0.850000000000000,       0.850000000000000,       0.850000000000000,       0.850000000000000,       0.850000000000000,       0.850000000000000,       0.000000000000000,       0.000000000000000,       0.000000000000000,       0.000000000000000,       0.000000000000000,       0.000000000000000,       0.778284255473820,       0.778284255473820,       0.835985291504618,       0.835985291504618,       0.000249792457565,       0.000249792457565,       0.000843009999670,       0.000843009999670,                   1,                   1,              1,              1,     640.646261518228016,     640.646261518228016,       0.471078133367020,       0.471078133367020,    5426.023263971119377,    5426.023263971119377,       0.008777531516406,       0.008777531516406,       0.000000000037236,       0.000000000037236,      61.878005843058560,      61.878005843058560,      -0.333333333333333,      -0.333333333333333,      -0.333333333333333,      -0.333333333333333,      -0.281254257698058,      -0.281254257698058,      -0.281254257698058,      -0.281254257698058,       0.000000000000000,       0.000000000000000,                         0,                         0,       0.000000000000000,       0.000000000000000,       0.000000000000000,       0.000000000000000,       0.370150272836998,   -1321.115143908546088,       0.008000000000000,       0.008000000000000,         0,       0.000000000000000,       0.000000000000000,       0.000000000000000,       0.000000000000000,       0.000000000000000,       0.000000000000000,       0.000000000000000,       0.000000000000000,        0.000000000000000,        0.000000000000000,   76239.146254765699268,   76239.146254765699268,       0.000000000000000,       0.500000000000000,        11
  1725943046,     160.121534995807991,     640.646261518228016,0,       2.206228617752614,       0.000000000000000,       0.850000000000000,       0.850000000000000,       0.850000000000000,       0.850000000000000,       0.850000000000000,       0.850000000000000,       0.850000000000000,       0.850000000000000,       0.000000000000000,       0.000000000000000,       0.000000000000000,       0.000000000000000,       0.000000000000000,       0.000000000000000,       0.778284255473820,       0.778284255473820,       0.835985291504618,       0.835985291504618,       0.000249792457565,       0.000249792457565,       0.000843009999670,       0.000843009999670,                   1,                   1,              1,              1,     640.646261518228016,     640.646261518228016,       0.471078133367020,       0.471078133367020,    5426.023263971119377,    5426.023263971119377,       0.008777531516406,       0.008777531516406,       0.000000000037236,       0.000000000037236,      61.878005843058560,      61.878005843058560,      -0.333333333333333,      -0.333333333333333,      -0.333333333333333,      -0.333333333333333,      -0.281254257698058,      -0.281254257698058,      -0.281254257698058,      -0.281254257698058,       0.000000000000000,       0.000000000000000,                         0,                         0,       0.000000000000000,       0.000000000000000,       0.000000000000000,       0.000000000000000,       0.370223781342001,   -1320.825415632350769,       0.008000000000000,       0.008000000000000,         0,       0.000000000000000,       0.000000000000000,       0.000000000000000,       0.000000000000000,       0.000000000000000,       0.000000000000000,       0.000000000000000,       0.000000000000000,        0.000000000000000,        0.000000000000000,   76239.146254765699268,   76239.146254765699268,       0.000000000000000,       0.500000000000000,        14
  1725943046,     160.121534995807991,     640.646261518228016,0,       2.206228617752614,       0.000000000000000,       0.850000000000000,       0.850000000000000,       0.850000000000000,       0.850000000000000,       0.850000000000000,       0.850000000000000,       0.850000000000000,       0.850000000000000,       0.000000000000000,       0.000000000000000,       0.000000000000000,       0.000000000000000,       0.000000000000000,       0.000000000000000,       0.778284255473820,       0.778284255473820,       0.835985291504618,       0.835985291504618,       0.000249792457565,       0.000249792457565,       0.000843009999670,       0.000843009999670,                   1,                   1,              1,              1,     640.646261518228016,     640.646261518228016,       0.471078133367020,       0.471078133367020,    5426.023263971119377,    5426.023263971119377,       0.008777531516406,       0.008777531516406,       0.000000000037236,       0.000000000037236,      61.878005843058560,      61.878005843058560,      -0.333333333333333,      -0.333333333333333,      -0.333333333333333,      -0.333333333333333,      -0.281254257698058,      -0.281254257698058,      -0.281254257698058,      -0.281254257698058,       0.000000000000000,       0.000000000000000,                         0,                         0,       0.000000000000000,       0.000000000000000,       0.000000000000000,       0.000000000000000,       0.370223781342001,   -1320.825415632350769,       0.008000000000000,       0.008000000000000,         0,       0.000000000000000,       0.000000000000000,       0.000000000000000,       0.000000000000000,       0.000000000000000,       0.000000000000000,       0.000000000000000,       0.000000000000000,        0.000000000000000,        0.000000000000000,   76239.146254765699268,   76239.146254765699268,       0.000000000000000,       0.500000000000000,         3
  1725943046,     160.121534995807991,     640.646261518228016,0,       2.206228617752614,       0.000000000000000,       0.850000000000000,       0.850000000000000,       0.850000000000000,       0.850000000000000,       0.850000000000000,       0.850000000000000,       0.850000000000000,       0.850000000000000,       0.000000000000000,       0.000000000000000,       0.000000000000000,       0.000000000000000,       0.000000000000000,       0.000000000000000,       0.778284255473820,       0.778284255473820,       0.835985291504618,       0.835985291504618,       0.000249792457565,       0.000249792457565,       0.000843009999670,       0.000843009999670,                   1,                   1,              1,              1,     640.646261518228016,     640.646261518228016,       0.471078133367020,       0.471078133367020,    5426.023263971119377,    5426.023263971119377,       0.008777531516406,       0.008777531516406,       0.000000000037236,       0.000000000037236,      61.878005843058560,      61.878005843058560,      -0.333333333333333,      -0.333333333333333,      -0.333333333333333,      -0.333333333333333,      -0.281254257698058,      -0.281254257698058,      -0.281254257698058,      -0.281254257698058,       0.000000000000000,       0.000000000000000,                         0,                         0,       0.000000000000000,       0.000000000000000,       0.000000000000000,       0.000000000000000,       0.370223781342001,   -1320.825415632350769,       0.008000000000000,       0.008000000000000,         0,       0.000000000000000,       0.000000000000000,       0.000000000000000,       0.000000000000000,       0.000000000000000,       0.000000000000000,       0.000000000000000,       0.000000000000000,        0.000000000000000,        0.000000000000000,   76239.146254765699268,   76239.146254765699268,       0.000000000000000,       0.500000000000000,         4
  1725943046,     160.121534995807991,     800.767796514036036,0,       2.206228617752614,       0.000000000000000,       0.850000000000000,       0.850000000000000,       0.850000000000000,       0.850000000000000,       0.850000000000000,       0.850000000000000,       0.850000000000000,       0.850000000000000,       0.000000000000000,       0.000000000000000,       0.000000000000000,       0.000000000000000,       0.000000000000000,       0.000000000000000,       0.779921196969003,       0.779921196969003,       0.835985291504618,       0.835985291504618,       0.000249792457565,       0.000249792457565,       0.000840357359150,       0.000840357359150,                   1,                   1,              1,              1,     800.767796514036036,     800.767796514036036,       0.474302854927696,       0.474302854927696,    5429.578422178383335,    5429.578422178383335,       0.008814493373651,       0.008814493373651,       0.000000000037354,       0.000000000037354,      61.328315599720227,      61.328315599720227,      -0.333333333333333,      -0.333333333333333,      -0.333333333333333,      -0.333333333333333,      -0.281254257698058,      -0.281254257698058,      -0.281254257698058,      -0.281254257698058,       0.000000000000000,       0.000000000000000,                         0,                         0,       0.000000000000000,       0.000000000000000,       0.000000000000000,       0.000000000000000,       0.370223781342001,   -1320.825415632350769,       0.008000000000000,       0.008000000000000,         0,       0.000000000000000,       0.000000000000000,       0.000000000000000,       0.000000000000000,       0.000000000000000,       0.000000000000000,       0.000000000000000,       0.000000000000000,        0.000000000000000,        0.000000000000000,   76129.825052542160847,   76129.825052542160847,       0.000000000000000,       0.500000000000000,         2
  1725943046,     160.121534995807991,     800.767796514036036,0,       2.206228617752614,       0.000000000000000,       0.850000000000000,       0.850000000000000,       0.850000000000000,       0.850000000000000,       0.850000000000000,       0.850000000000000,       0.850000000000000,       0.850000000000000,       0.000000000000000,       0.000000000000000,       0.000000000000000,       0.000000000000000,       0.000000000000000,       0.000000000000000,       0.779921196969003,       0.779921196969003,       0.835985291504618,       0.835985291504618,       0.000249792457565,       0.000249792457565,       0.000840357359150,       0.000840357359150,                   1,                   1,              1,              1,     800.767796514036036,     800.767796514036036,       0.474302854927696,       0.474302854927696,    5429.578422178383335,    5429.578422178383335,       0.008814493373651,       0.008814493373651,       0.000000000037354,       0.000000000037354,      61.328315599720227,      61.328315599720227,      -0.333333333333333,      -0.333333333333333,      -0.333333333333333,      -0.333333333333333,      -0.281254257698058,      -0.281254257698058,      -0.281254257698058,      -0.281254257698058,       0.000000000000000,       0.000000000000000,                         0,                         0,       0.000000000000000,       0.000000000000000,       0.000000000000000,       0.000000000000000,       0.370223781342001,   -1320.825415632350769,       0.008000000000000,       0.008000000000000,         0,       0.000000000000000,       0.000000000000000,       0.000000000000000,       0.000000000000000,       0.000000000000000,       0.000000000000000,       0.000000000000000,       0.000000000000000,        0.000000000000000,        0.000000000000000,   76129.825052542160847,   76129.825052542160847,       0.000000000000000,       0.500000000000000,        10
  1725943046,     160.121534995807991,     800.767796514036036,0,       2.206228617752614,       0.000000000000000,       0.850000000000000,       0.850000000000000,       0.850000000000000,       0.850000000000000,       0.850000000000000,       0.850000000000000,       0.850000000000000,       0.850000000000000,       0.000000000000000,       0.000000000000000,       0.000000000000000,       0.000000000000000,       0.000000000000000,       0.000000000000000,       0.779921196969003,       0.779921196969003,       0.835985291504618,       0.835985291504618,       0.000249792457565,       0.000249792457565,       0.000840357359150,       0.000840357359150,                   1,                   1,              1,              1,     800.767796514036036,     800.767796514036036,       0.474302854927696,       0.474302854927696,    5429.578422178383335,    5429.578422178383335,       0.008814493373651,       0.008814493373651,       0.000000000037354,       0.000000000037354,      61.328315599720227,      61.328315599720227,      -0.333333333333333,      -0.333333333333333,      -0.333333333333333,      -0.333333333333333,      -0.281254257698058,      -0.281254257698058,      -0.281254257698058,      -0.281254257698058,       0.000000000000000,       0.000000000000000,                         0,                         0,       0.000000000000000,       0.000000000000000,       0.000000000000000,       0.000000000000000,       0.370223781342001,   -1320.825415632350769,       0.008000000000000,       0.008000000000000,         0,       0.000000000000000,       0.000000000000000,       0.000000000000000,       0.000000000000000,       0.000000000000000,       0.000000000000000,       0.000000000000000,       0.000000000000000,        0.000000000000000,        0.000000000000000,   76129.825052542160847,   76129.825052542160847,       0.000000000000000,       0.500000000000000,        11
  1725943046,     160.121534995807991,     800.767796514036036,0,       2.206228617752614,       0.000000000000000,       0.850000000000000,       0.850000000000000,       0.850000000000000,       0.850000000000000,       0.850000000000000,       0.850000000000000,       0.850000000000000,       0.850000000000000,       0.000000000000000,       0.000000000000000,       0.000000000000000,       0.000000000000000,       0.000000000000000,       0.000000000000000,       0.779921196969003,       0.779921196969003,       0.835985291504618,       0.835985291504618,       0.000249792457565,       0.000249792457565,       0.000840357359150,       0.000840357359150,                   1,                   1,              1,              1,     800.767796514036036,     800.767796514036036,       0.474302854927696,       0.474302854927696,    5429.578422178383335,    5429.578422178383335,       0.008814493373651,       0.008814493373651,       0.000000000037354,       0.000000000037354,      61.328315599720227,      61.328315599720227,      -0.333333333333333,      -0.333333333333333,      -0.333333333333333,      -0.333333333333333,      -0.281254257698058,      -0.281254257698058,      -0.281254257698058,      -0.281254257698058,       0.000000000000000,       0.000000000000000,                         0,                         0,       0.000000000000000,       0.000000000000000,       0.000000000000000,       0.000000000000000,       0.370297705056491,   -1320.534050839004749,       0.008000000000000,       0.008000000000000,         0,       0.000000000000000,       0.000000000000000,       0.000000000000000,       0.000000000000000,       0.000000000000000,       0.000000000000000,       0.000000000000000,       0.000000000000000,        0.000000000000000,        0.000000000000000,   76129.825052542160847,   76129.825052542160847,       0.000000000000000,       0.500000000000000,        14
  1725943046,     160.121534995807991,     800.767796514036036,0,       2.206228617752614,       0.000000000000000,       0.850000000000000,       0.850000000000000,       0.850000000000000,       0.850000000000000,       0.850000000000000,       0.850000000000000,       0.850000000000000,       0.850000000000000,       0.000000000000000,       0.000000000000000,       0.000000000000000,       0.000000000000000,       0.000000000000000,       0.000000000000000,       0.779921196969003,       0.779921196969003,       0.835985291504618,       0.835985291504618,       0.000249792457565,       0.000249792457565,       0.000840357359150,       0.000840357359150,                   1,                   1,              1,              1,     800.767796514036036,     800.767796514036036,       0.474302854927696,       0.474302854927696,    5429.578422178383335,    5429.578422178383335,       0.008814493373651,       0.008814493373651,       0.000000000037354,       0.000000000037354,      61.328315599720227,      61.328315599720227,      -0.333333333333333,      -0.333333333333333,      -0.333333333333333,      -0.333333333333333,      -0.281254257698058,      -0.281254257698058,      -0.281254257698058,      -0.281254257698058,       0.000000000000000,       0.000000000000000,                         0,                         0,       0.000000000000000,       0.000000000000000,       0.000000000000000,       0.000000000000000,       0.370297705056491,   -1320.534050839004749,       0.008000000000000,       0.008000000000000,         0,       0.000000000000000,       0.000000000000000,       0.000000000000000,       0.000000000000000,       0.000000000000000,       0.000000000000000,       0.000000000000000,       0.000000000000000,        0.000000000000000,        0.000000000000000,   76129.825052542160847,   76129.825052542160847,       0.000000000000000,       0.500000000000000,         3
  1725943046,     160.121534995807991,     800.767796514036036,0,       2.206228617752614,       0.000000000000000,       0.850000000000000,       0.850000000000000,       0.850000000000000,       0.850000000000000,       0.850000000000000,       0.850000000000000,       0.850000000000000,       0.850000000000000,       0.000000000000000,       0.000000000000000,       0.000000000000000,       0.000000000000000,       0.000000000000000,       0.000000000000000,       0.779921196969003,       0.779921196969003,       0.835985291504618,       0.835985291504618,       0.000249792457565,       0.000249792457565,       0.000840357359150,       0.000840357359150,                   1,                   1,              1,              1,     800.767796514036036,     800.767796514036036,       0.474302854927696,       0.474302854927696,    5429.578422178383335,    5429.578422178383335,       0.008814493373651,       0.008814493373651,       0.000000000037354,       0.000000000037354,      61.328315599720227,      61.328315599720227,      -0.333333333333333,      -0.333333333333333,      -0.333333333333333,      -0.333333333333333,      -0.281254257698058,      -0.281254257698058,      -0.281254257698058,      -0.281254257698058,       0.000000000000000,       0.000000000000000,                         0,                         0,       0.000000000000000,       0.000000000000000,       0.000000000000000,       0.000000000000000,       0.370297705056491,   -1320.534050839004749,       0.008000000000000,       0.008000000000000,         0,       0.000000000000000,       0.000000000000000,       0.000000000000000,       0.000000000000000,       0.000000000000000,       0.000000000000000,       0.000000000000000,       0.000000000000000,        0.000000000000000,        0.000000000000000,   76129.825052542160847,   76129.825052542160847,       0.000000000000000,       0.500000000000000,         4
  1725943046,     160.121534995807991,     960.889331509844055,0,       2.206228617752614,       0.000000000000000,       0.850000000000000,       0.850000000000000,       0.850000000000000,       0.850000000000000,       0.850000000000000,       0.850000000000000,       0.850000000000000,       0.850000000000000,       0.000000000000000,       0.000000000000000,       0.000000000000000,       0.000000000000000,       0.000000000000000,       0.000000000000000,       0.781564521491109,       0.781564521491109,       0.835985291504618,       0.835985291504618,       0.000249792457565,       0.000249792457565,       0.000837708338536,       0.000837708338536,                   1,                   1,              1,              1,     960.889331509844055,     960.889331509844055,       0.477591378684690,       0.477591378684690,    5433.244371486825003,    5433.244371486825003,       0.008851677472444,       0.008851677472444,       0.000000000037472,       0.000000000037472,      60.777969147201759,      60.777969147201759,      -0.333333333333333,      -0.333333333333333,      -0.333333333333333,      -0.333333333333333,      -0.281254257698058,      -0.281254257698058,      -0.281254257698058,      -0.281254257698058,       0.000000000000000,       0.000000000000000,                         0,                         0,       0.000000000000000,       0.000000000000000,       0.000000000000000,       0.000000000000000,       0.370297705056491,   -1320.534050839004749,       0.008000000000000,       0.008000000000000,         0,       0.000000000000000,       0.000000000000000,       0.000000000000000,       0.000000000000000,       0.000000000000000,       0.000000000000000,       0.000000000000000,       0.000000000000000,        0.000000000000000,        0.000000000000000,   75993.619978618371533,   75993.619978618371533,       0.000000000000000,       0.500000000000000,         2
  1725943046,     160.121534995807991,     960.889331509844055,0,       2.206228617752614,       0.000000000000000,       0.850000000000000,       0.850000000000000,       0.850000000000000,       0.850000000000000,       0.850000000000000,       0.850000000000000,       0.850000000000000,       0.850000000000000,       0.000000000000000,       0.000000000000000,       0.000000000000000,       0.000000000000000,       0.000000000000000,       0.000000000000000,       0.781564521491109,       0.781564521491109,       0.835985291504618,       0.835985291504618,       0.000249792457565,       0.000249792457565,       0.000837708338536,       0.000837708338536,                   1,                   1,              1,              1,     960.889331509844055,     960.889331509844055,       0.477591378684690,       0.477591378684690,    5433.244371486825003,    5433.244371486825003,       0.008851677472444,       0.008851677472444,       0.000000000037472,       0.000000000037472,      60.777969147201759,      60.777969147201759,      -0.333333333333333,      -0.333333333333333,      -0.333333333333333,      -0.333333333333333,      -0.281254257698058,      -0.281254257698058,      -0.281254257698058,      -0.281254257698058,       0.000000000000000,       0.000000000000000,                         0,                         0,       0.000000000000000,       0.000000000000000,       0.000000000000000,       0.000000000000000,       0.370297705056491,   -1320.534050839004749,       0.008000000000000,       0.008000000000000,         0,       0.000000000000000,       0.000000000000000,       0.000000000000000,       0.000000000000000,       0.000000000000000,       0.000000000000000,       0.000000000000000,       0.000000000000000,        0.000000000000000,        0.000000000000000,   75993.619978618371533,   75993.619978618371533,       0.000000000000000,       0.500000000000000,        10
  1725943046,     160.121534995807991,     960.889331509844055,0,       2.206228617752614,       0.000000000000000,       0.850000000000000,       0.850000000000000,       0.850000000000000,       0.850000000000000,       0.850000000000000,       0.850000000000000,       0.850000000000000,       0.850000000000000,       0.000000000000000,       0.000000000000000,       0.000000000000000,       0.000000000000000,       0.000000000000000,       0.000000000000000,       0.781564521491109,       0.781564521491109,       0.835985291504618,       0.835985291504618,       0.000249792457565,       0.000249792457565,       0.000837708338536,       0.000837708338536,                   1,                   1,              1,              1,     960.889331509844055,     960.889331509844055,       0.477591378684690,       0.477591378684690,    5433.244371486825003,    5433.244371486825003,       0.008851677472444,       0.008851677472444,       0.000000000037472,       0.000000000037472,      60.777969147201759,      60.777969147201759,      -0.333333333333333,      -0.333333333333333,      -0.333333333333333,      -0.333333333333333,      -0.281254257698058,      -0.281254257698058,      -0.281254257698058,      -0.281254257698058,       0.000000000000000,       0.000000000000000,                         0,                         0,       0.000000000000000,       0.000000000000000,       0.000000000000000,       0.000000000000000,       0.370297705056491,   -1320.534050839004749,       0.008000000000000,       0.008000000000000,         0,       0.000000000000000,       0.000000000000000,       0.000000000000000,       0.000000000000000,       0.000000000000000,       0.000000000000000,       0.000000000000000,       0.000000000000000,        0.000000000000000,        0.000000000000000,   75993.619978618371533,   75993.619978618371533,       0.000000000000000,       0.500000000000000,        11
  1725943046,     160.121534995807991,     960.889331509844055,0,       2.206228617752614,       0.000000000000000,       0.850000000000000,       0.850000000000000,       0.850000000000000,       0.850000000000000,       0.850000000000000,       0.850000000000000,       0.850000000000000,       0.850000000000000,       0.000000000000000,       0.000000000000000,       0.000000000000000,       0.000000000000000,       0.000000000000000,       0.000000000000000,       0.781564521491109,       0.781564521491109,       0.835985291504618,       0.835985291504618,       0.000249792457565,       0.000249792457565,       0.000837708338536,       0.000837708338536,                   1,                   1,              1,              1,     960.889331509844055,     960.889331509844055,       0.477591378684690,       0.477591378684690,    5433.244371486825003,    5433.244371486825003,       0.008851677472444,       0.008851677472444,       0.000000000037472,       0.000000000037472,      60.777969147201759,      60.777969147201759,      -0.333333333333333,      -0.333333333333333,      -0.333333333333333,      -0.333333333333333,      -0.281254257698058,      -0.281254257698058,      -0.281254257698058,      -0.281254257698058,       0.000000000000000,       0.000000000000000,                         0,                         0,       0.000000000000000,       0.000000000000000,       0.000000000000000,       0.000000000000000,       0.370372073254076,   -1320.240934148777342,       0.008000000000000,       0.008000000000000,         0,       0.000000000000000,       0.000000000000000,       0.000000000000000,       0.000000000000000,       0.000000000000000,       0.000000000000000,       0.000000000000000,       0.000000000000000,        0.000000000000000,        0.000000000000000,   75993.619978618371533,   75993.619978618371533,       0.000000000000000,       0.500000000000000,        14
  1725943046,     160.121534995807991,     960.889331509844055,0,       2.206228617752614,       0.000000000000000,       0.850000000000000,       0.850000000000000,       0.850000000000000,       0.850000000000000,       0.850000000000000,       0.850000000000000,       0.850000000000000,       0.850000000000000,       0.000000000000000,       0.000000000000000,       0.000000000000000,       0.000000000000000,       0.000000000000000,       0.000000000000000,       0.781564521491109,       0.781564521491109,       0.835985291504618,       0.835985291504618,       0.000249792457565,       0.000249792457565,       0.000837708338536,       0.000837708338536,                   1,                   1,              1,              1,     960.889331509844055,     960.889331509844055,       0.477591378684690,       0.477591378684690,    5433.244371486825003,    5433.244371486825003,       0.008851677472444,       0.008851677472444,       0.000000000037472,       0.000000000037472,      60.777969147201759,      60.777969147201759,      -0.333333333333333,      -0.333333333333333,      -0.333333333333333,      -0.333333333333333,      -0.281254257698058,      -0.281254257698058,      -0.281254257698058,      -0.281254257698058,       0.000000000000000,       0.000000000000000,                         0,                         0,       0.000000000000000,       0.000000000000000,       0.000000000000000,       0.000000000000000,       0.370372073254076,   -1320.240934148777342,       0.008000000000000,       0.008000000000000,         0,       0.000000000000000,       0.000000000000000,       0.000000000000000,       0.000000000000000,       0.000000000000000,       0.000000000000000,       0.000000000000000,       0.000000000000000,        0.000000000000000,        0.000000000000000,   75993.619978618371533,   75993.619978618371533,       0.000000000000000,       0.500000000000000,         3
  1725943046,     160.121534995807991,     960.889331509844055,0,       2.206228617752614,       0.000000000000000,       0.850000000000000,       0.850000000000000,       0.850000000000000,       0.850000000000000,       0.850000000000000,       0.850000000000000,       0.850000000000000,       0.850000000000000,       0.000000000000000,       0.000000000000000,       0.000000000000000,       0.000000000000000,       0.000000000000000,       0.000000000000000,       0.781564521491109,       0.781564521491109,       0.835985291504618,       0.835985291504618,       0.000249792457565,       0.000249792457565,       0.000837708338536,       0.000837708338536,                   1,                   1,              1,              1,     960.889331509844055,     960.889331509844055,       0.477591378684690,       0.477591378684690,    5433.244371486825003,    5433.244371486825003,       0.008851677472444,       0.008851677472444,       0.000000000037472,       0.000000000037472,      60.777969147201759,      60.777969147201759,      -0.333333333333333,      -0.333333333333333,      -0.333333333333333,      -0.333333333333333,      -0.281254257698058,      -0.281254257698058,      -0.281254257698058,      -0.281254257698058,       0.000000000000000,       0.000000000000000,                         0,                         0,       0.000000000000000,       0.000000000000000,       0.000000000000000,       0.000000000000000,       0.370372073254076,   -1320.240934148777342,       0.008000000000000,       0.008000000000000,         0,       0.000000000000000,       0.000000000000000,       0.000000000000000,       0.000000000000000,       0.000000000000000,       0.000000000000000,       0.000000000000000,       0.000000000000000,        0.000000000000000,        0.000000000000000,   75993.619978618371533,   75993.619978618371533,       0.000000000000000,       0.500000000000000,         4
  1725943046,     160.121534995807991,    1121.010866505652075,0,       2.206228617752614,       0.000000000000000,       0.850000000000000,       0.850000000000000,       0.850000000000000,       0.850000000000000,       0.850000000000000,       0.850000000000000,       0.850000000000000,       0.850000000000000,       0.000000000000000,       0.000000000000000,       0.000000000000000,       0.000000000000000,       0.000000000000000,       0.000000000000000,       0.783214844010656,       0.783214844010656,       0.835985291504618,       0.835985291504618,       0.000249792457565,       0.000249792457565,       0.000835062014047,       0.000835062014047,                   1,                   1,              1,              1,    1121.010866505652075,    1121.010866505652075,       0.480944723689420,       0.480944723689420,    5437.019288217708890,    5437.019288217708890,       0.008889098684001,       0.008889098684001,       0.000000000037591,       0.000000000037591,      60.227026929431005,      60.227026929431005,      -0.333333333333333,      -0.333333333333333,      -0.333333333333333,      -0.333333333333333,      -0.281254257698058,      -0.281254257698058,      -0.281254257698058,      -0.281254257698058,       0.000000000000000,       0.000000000000000,                         0,                         0,       0.000000000000000,       0.000000000000000,       0.000000000000000,       0.000000000000000,       0.370372073254076,   -1320.240934148777342,       0.008000000000000,       0.008000000000000,         0,       0.000000000000000,       0.000000000000000,       0.000000000000000,       0.000000000000000,       0.000000000000000,       0.000000000000000,       0.000000000000000,       0.000000000000000,        0.000000000000000,        0.000000000000000,   75830.820580319326837,   75830.820580319326837,       0.000000000000000,       0.500000000000000,         2
  1725943046,     160.121534995807991,    1121.010866505652075,0,       2.206228617752614,       0.000000000000000,       0.850000000000000,       0.850000000000000,       0.850000000000000,       0.850000000000000,       0.850000000000000,       0.850000000000000,       0.850000000000000,       0.850000000000000,       0.000000000000000,       0.000000000000000,       0.000000000000000,       0.000000000000000,       0.000000000000000,       0.000000000000000,       0.783214844010656,       0.783214844010656,       0.835985291504618,       0.835985291504618,       0.000249792457565,       0.000249792457565,       0.000835062014047,       0.000835062014047,                   1,                   1,              1,              1,    1121.010866505652075,    1121.010866505652075,       0.480944723689420,       0.480944723689420,    5437.019288217708890,    5437.019288217708890,       0.008889098684001,       0.008889098684001,       0.000000000037591,       0.000000000037591,      60.227026929431005,      60.227026929431005,      -0.333333333333333,      -0.333333333333333,      -0.333333333333333,      -0.333333333333333,      -0.281254257698058,      -0.281254257698058,      -0.281254257698058,      -0.281254257698058,       0.000000000000000,       0.000000000000000,                         0,                         0,       0.000000000000000,       0.000000000000000,       0.000000000000000,       0.000000000000000,       0.370372073254076,   -1320.240934148777342,       0.008000000000000,       0.008000000000000,         0,       0.000000000000000,       0.000000000000000,       0.000000000000000,       0.000000000000000,       0.000000000000000,       0.000000000000000,       0.000000000000000,       0.000000000000000,        0.000000000000000,        0.000000000000000,   75830.820580319326837,   75830.820580319326837,       0.000000000000000,       0.500000000000000,        10
  1725943046,     160.121534995807991,    1121.010866505652075,0,       2.206228617752614,       0.000000000000000,       0.850000000000000,       0.850000000000000,       0.850000000000000,       0.850000000000000,       0.850000000000000,       0.850000000000000,       0.850000000000000,       0.850000000000000,       0.000000000000000,       0.000000000000000,       0.000000000000000,       0.000000000000000,       0.000000000000000,       0.000000000000000,       0.783214844010656,       0.783214844010656,       0.835985291504618,       0.835985291504618,       0.000249792457565,       0.000249792457565,       0.000835062014047,       0.000835062014047,                   1,                   1,              1,              1,    1121.010866505652075,    1121.010866505652075,       0.480944723689420,       0.480944723689420,    5437.019288217708890,    5437.019288217708890,       0.008889098684001,       0.008889098684001,       0.000000000037591,       0.000000000037591,      60.227026929431005,      60.227026929431005,      -0.333333333333333,      -0.333333333333333,      -0.333333333333333,      -0.333333333333333,      -0.281254257698058,      -0.281254257698058,      -0.281254257698058,      -0.281254257698058,       0.000000000000000,       0.000000000000000,                         0,                         0,       0.000000000000000,       0.000000000000000,       0.000000000000000,       0.000000000000000,       0.370372073254076,   -1320.240934148777342,       0.008000000000000,       0.008000000000000,         0,       0.000000000000000,       0.000000000000000,       0.000000000000000,       0.000000000000000,       0.000000000000000,       0.000000000000000,       0.000000000000000,       0.000000000000000,        0.000000000000000,        0.000000000000000,   75830.820580319326837,   75830.820580319326837,       0.000000000000000,       0.500000000000000,        11
  1725943046,     160.121534995807991,    1121.010866505652075,0,       2.206228617752614,       0.000000000000000,       0.850000000000000,       0.850000000000000,       0.850000000000000,       0.850000000000000,       0.850000000000000,       0.850000000000000,       0.850000000000000,       0.850000000000000,       0.000000000000000,       0.000000000000000,       0.000000000000000,       0.000000000000000,       0.000000000000000,       0.000000000000000,       0.783214844010656,       0.783214844010656,       0.835985291504618,       0.835985291504618,       0.000249792457565,       0.000249792457565,       0.000835062014047,       0.000835062014047,                   1,                   1,              1,              1,    1121.010866505652075,    1121.010866505652075,       0.480944723689420,       0.480944723689420,    5437.019288217708890,    5437.019288217708890,       0.008889098684001,       0.008889098684001,       0.000000000037591,       0.000000000037591,      60.227026929431005,      60.227026929431005,      -0.333333333333333,      -0.333333333333333,      -0.333333333333333,      -0.333333333333333,      -0.281254257698058,      -0.281254257698058,      -0.281254257698058,      -0.281254257698058,       0.000000000000000,       0.000000000000000,                         0,                         0,       0.000000000000000,       0.000000000000000,       0.000000000000000,       0.000000000000000,       0.370446915677191,   -1319.945948334080413,       0.008000000000000,       0.008000000000000,         0,       0.000000000000000,       0.000000000000000,       0.000000000000000,       0.000000000000000,       0.000000000000000,       0.000000000000000,       0.000000000000000,       0.000000000000000,        0.000000000000000,        0.000000000000000,   75830.820580319326837,   75830.820580319326837,       0.000000000000000,       0.500000000000000,        14
  1725943046,     160.121534995807991,    1121.010866505652075,0,       2.206228617752614,       0.000000000000000,       0.850000000000000,       0.850000000000000,       0.850000000000000,       0.850000000000000,       0.850000000000000,       0.850000000000000,       0.850000000000000,       0.850000000000000,       0.000000000000000,       0.000000000000000,       0.000000000000000,       0.000000000000000,       0.000000000000000,       0.000000000000000,       0.783214844010656,       0.783214844010656,       0.835985291504618,       0.835985291504618,       0.000249792457565,       0.000249792457565,       0.000835062014047,       0.000835062014047,                   1,                   1,              1,              1,    1121.010866505652075,    1121.010866505652075,       0.480944723689420,       0.480944723689420,    5437.019288217708890,    5437.019288217708890,       0.008889098684001,       0.008889098684001,       0.000000000037591,       0.000000000037591,      60.227026929431005,      60.227026929431005,      -0.333333333333333,      -0.333333333333333,      -0.333333333333333,      -0.333333333333333,      -0.281254257698058,      -0.281254257698058,      -0.281254257698058,      -0.281254257698058,       0.000000000000000,       0.000000000000000,                         0,                         0,       0.000000000000000,       0.000000000000000,       0.000000000000000,       0.000000000000000,       0.370446915677191,   -1319.945948334080413,       0.008000000000000,       0.008000000000000,         0,       0.000000000000000,       0.000000000000000,       0.000000000000000,       0.000000000000000,       0.000000000000000,       0.000000000000000,       0.000000000000000,       0.000000000000000,        0.000000000000000,        0.000000000000000,   75830.820580319326837,   75830.820580319326837,       0.000000000000000,       0.500000000000000,         3
  1725943046,     160.121534995807991,    1121.010866505652075,0,       2.206228617752614,       0.000000000000000,       0.850000000000000,       0.850000000000000,       0.850000000000000,       0.850000000000000,       0.850000000000000,       0.850000000000000,       0.850000000000000,       0.850000000000000,       0.000000000000000,       0.000000000000000,       0.000000000000000,       0.000000000000000,       0.000000000000000,       0.000000000000000,       0.783214844010656,       0.783214844010656,       0.835985291504618,       0.835985291504618,       0.000249792457565,       0.000249792457565,       0.000835062014047,       0.000835062014047,                   1,                   1,              1,              1,    1121.010866505652075,    1121.010866505652075,       0.480944723689420,       0.480944723689420,    5437.019288217708890,    5437.019288217708890,       0.008889098684001,       0.008889098684001,       0.000000000037591,       0.000000000037591,      60.227026929431005,      60.227026929431005,      -0.333333333333333,      -0.333333333333333,      -0.333333333333333,      -0.333333333333333,      -0.281254257698058,      -0.281254257698058,      -0.281254257698058,      -0.281254257698058,       0.000000000000000,       0.000000000000000,                         0,                         0,       0.000000000000000,       0.000000000000000,       0.000000000000000,       0.000000000000000,       0.370446915677191,   -1319.945948334080413,       0.008000000000000,       0.008000000000000,         0,       0.000000000000000,       0.000000000000000,       0.000000000000000,       0.000000000000000,       0.000000000000000,       0.000000000000000,       0.000000000000000,       0.000000000000000,        0.000000000000000,        0.000000000000000,   75830.820580319326837,   75830.820580319326837,       0.000000000000000,       0.500000000000000,         4
  1725943046,     160.121534995807991,    1281.132401501459981,0,       2.206228617752614,       0.000000000000000,       0.850000000000000,       0.850000000000000,       0.850000000000000,       0.850000000000000,       0.850000000000000,       0.850000000000000,       0.850000000000000,       0.850000000000000,       0.000000000000000,       0.000000000000000,       0.000000000000000,       0.000000000000000,       0.000000000000000,       0.000000000000000,       0.784872784611157,       0.784872784611157,       0.835985291504618,       0.835985291504618,       0.000249792457565,       0.000249792457565,       0.000832417473711,       0.000832417473711,                   1,                   1,              1,              1,    1281.132401501459981,    1281.132401501459981,       0.484363933155490,       0.484363933155490,    5440.901349649806434,    5440.901349649806434,       0.008926772117521,       0.008926772117521,       0.000000000037710,       0.000000000037710,      59.675550245481332,      59.675550245481332,      -0.333333333333333,      -0.333333333333333,      -0.333333333333333,      -0.333333333333333,      -0.281254257698058,      -0.281254257698058,      -0.281254257698058,      -0.281254257698058,       0.000000000000000,       0.000000000000000,                         0,                         0,       0.000000000000000,       0.000000000000000,       0.000000000000000,       0.000000000000000,       0.370446915677191,   -1319.945948334080413,       0.008000000000000,       0.008000000000000,         0,       0.000000000000000,       0.000000000000000,       0.000000000000000,       0.000000000000000,       0.000000000000000,       0.000000000000000,       0.000000000000000,       0.000000000000000,        0.000000000000000,        0.000000000000000,   75641.770891311854939,   75641.770891311854939,       0.000000000000000,       0.500000000000000,         2
  1725943046,     160.121534995807991,    1281.132401501459981,0,       2.206228617752614,       0.000000000000000,       0.850000000000000,       0.850000000000000,       0.850000000000000,       0.850000000000000,       0.850000000000000,       0.850000000000000,       0.850000000000000,       0.850000000000000,       0.000000000000000,       0.000000000000000,       0.000000000000000,       0.000000000000000,       0.000000000000000,       0.000000000000000,       0.784872784611157,       0.784872784611157,       0.835985291504618,       0.835985291504618,       0.000249792457565,       0.000249792457565,       0.000832417473711,       0.000832417473711,                   1,                   1,              1,              1,    1281.132401501459981,    1281.132401501459981,       0.484363933155490,       0.484363933155490,    5440.901349649806434,    5440.901349649806434,       0.008926772117521,       0.008926772117521,       0.000000000037710,       0.000000000037710,      59.675550245481332,      59.675550245481332,      -0.333333333333333,      -0.333333333333333,      -0.333333333333333,      -0.333333333333333,      -0.281254257698058,      -0.281254257698058,      -0.281254257698058,      -0.281254257698058,       0.000000000000000,       0.000000000000000,                         0,                         0,       0.000000000000000,       0.000000000000000,       0.000000000000000,       0.000000000000000,       0.370446915677191,   -1319.945948334080413,       0.008000000000000,       0.008000000000000,         0,       0.000000000000000,       0.000000000000000,       0.000000000000000,       0.000000000000000,       0.000000000000000,       0.000000000000000,       0.000000000000000,       0.000000000000000,        0.000000000000000,        0.000000000000000,   75641.770891311854939,   75641.770891311854939,       0.000000000000000,       0.500000000000000,        10
  1725943046,     160.121534995807991,    1281.132401501459981,0,       2.206228617752614,       0.000000000000000,       0.850000000000000,       0.850000000000000,       0.850000000000000,       0.850000000000000,       0.850000000000000,       0.850000000000000,       0.850000000000000,       0.850000000000000,       0.000000000000000,       0.000000000000000,       0.000000000000000,       0.000000000000000,       0.000000000000000,       0.000000000000000,       0.784872784611157,       0.784872784611157,       0.835985291504618,       0.835985291504618,       0.000249792457565,       0.000249792457565,       0.000832417473711,       0.000832417473711,                   1,                   1,              1,              1,    1281.132401501459981,    1281.132401501459981,       0.484363933155490,       0.484363933155490,    5440.901349649806434,    5440.901349649806434,       0.008926772117521,       0.008926772117521,       0.000000000037710,       0.000000000037710,      59.675550245481332,      59.675550245481332,      -0.333333333333333,      -0.333333333333333,      -0.333333333333333,      -0.333333333333333,      -0.281254257698058,      -0.281254257698058,      -0.281254257698058,      -0.281254257698058,       0.000000000000000,       0.000000000000000,                         0,                         0,       0.000000000000000,       0.000000000000000,       0.000000000000000,       0.000000000000000,       0.370446915677191,   -1319.945948334080413,       0.008000000000000,       0.008000000000000,         0,       0.000000000000000,       0.000000000000000,       0.000000000000000,       0.000000000000000,       0.000000000000000,       0.000000000000000,       0.000000000000000,       0.000000000000000,        0.000000000000000,        0.000000000000000,   75641.770891311854939,   75641.770891311854939,       0.000000000000000,       0.500000000000000,        11
  1725943046,     160.121534995807991,    1281.132401501459981,0,       2.206228617752614,       0.000000000000000,       0.850000000000000,       0.850000000000000,       0.850000000000000,       0.850000000000000,       0.850000000000000,       0.850000000000000,       0.850000000000000,       0.850000000000000,       0.000000000000000,       0.000000000000000,       0.000000000000000,       0.000000000000000,       0.000000000000000,       0.000000000000000,       0.784872784611157,       0.784872784611157,       0.835985291504618,       0.835985291504618,       0.000249792457565,       0.000249792457565,       0.000832417473711,       0.000832417473711,                   1,                   1,              1,              1,    1281.132401501459981,    1281.132401501459981,       0.484363933155490,       0.484363933155490,    5440.901349649806434,    5440.901349649806434,       0.008926772117521,       0.008926772117521,       0.000000000037710,       0.000000000037710,      59.675550245481332,      59.675550245481332,      -0.333333333333333,      -0.333333333333333,      -0.333333333333333,      -0.333333333333333,      -0.281254257698058,      -0.281254257698058,      -0.281254257698058,      -0.281254257698058,       0.000000000000000,       0.000000000000000,                         0,                         0,       0.000000000000000,       0.000000000000000,       0.000000000000000,       0.000000000000000,       0.370522262544232,   -1319.648974291368177,       0.008000000000000,       0.008000000000000,         0,       0.000000000000000,       0.000000000000000,       0.000000000000000,       0.000000000000000,       0.000000000000000,       0.000000000000000,       0.000000000000000,       0.000000000000000,        0.000000000000000,        0.000000000000000,   75641.770891311854939,   75641.770891311854939,       0.000000000000000,       0.500000000000000,        14
  1725943046,     160.121534995807991,    1281.132401501459981,0,       2.206228617752614,       0.000000000000000,       0.850000000000000,       0.850000000000000,       0.850000000000000,       0.850000000000000,       0.850000000000000,       0.850000000000000,       0.850000000000000,       0.850000000000000,       0.000000000000000,       0.000000000000000,       0.000000000000000,       0.000000000000000,       0.000000000000000,       0.000000000000000,       0.784872784611157,       0.784872784611157,       0.835985291504618,       0.835985291504618,       0.000249792457565,       0.000249792457565,       0.000832417473711,       0.000832417473711,                   1,                   1,              1,              1,    1281.132401501459981,    1281.132401501459981,       0.484363933155490,       0.484363933155490,    5440.901349649806434,    5440.901349649806434,       0.008926772117521,       0.008926772117521,       0.000000000037710,       0.000000000037710,      59.675550245481332,      59.675550245481332,      -0.333333333333333,      -0.333333333333333,      -0.333333333333333,      -0.333333333333333,      -0.281254257698058,      -0.281254257698058,      -0.281254257698058,      -0.281254257698058,       0.000000000000000,       0.000000000000000,                         0,                         0,       0.000000000000000,       0.000000000000000,       0.000000000000000,       0.000000000000000,       0.370522262544232,   -1319.648974291368177,       0.008000000000000,       0.008000000000000,         0,       0.000000000000000,       0.000000000000000,       0.000000000000000,       0.000000000000000,       0.000000000000000,       0.000000000000000,       0.000000000000000,       0.000000000000000,        0.000000000000000,        0.000000000000000,   75641.770891311854939,   75641.770891311854939,       0.000000000000000,       0.500000000000000,         3
  1725943046,     160.121534995807991,    1281.132401501459981,0,       2.206228617752614,       0.000000000000000,       0.850000000000000,       0.850000000000000,       0.850000000000000,       0.850000000000000,       0.850000000000000,       0.850000000000000,       0.850000000000000,       0.850000000000000,       0.000000000000000,       0.000000000000000,       0.000000000000000,       0.000000000000000,       0.000000000000000,       0.000000000000000,       0.784872784611157,       0.784872784611157,       0.835985291504618,       0.835985291504618,       0.000249792457565,       0.000249792457565,       0.000832417473711,       0.000832417473711,                   1,                   1,              1,              1,    1281.132401501459981,    1281.132401501459981,       0.484363933155490,       0.484363933155490,    5440.901349649806434,    5440.901349649806434,       0.008926772117521,       0.008926772117521,       0.000000000037710,       0.000000000037710,      59.675550245481332,      59.675550245481332,      -0.333333333333333,      -0.333333333333333,      -0.333333333333333,      -0.333333333333333,      -0.281254257698058,      -0.281254257698058,      -0.281254257698058,      -0.281254257698058,       0.000000000000000,       0.000000000000000,                         0,                         0,       0.000000000000000,       0.000000000000000,       0.000000000000000,       0.000000000000000,       0.370522262544232,   -1319.648974291368177,       0.008000000000000,       0.008000000000000,         0,       0.000000000000000,       0.000000000000000,       0.000000000000000,       0.000000000000000,       0.000000000000000,       0.000000000000000,       0.000000000000000,       0.000000000000000,        0.000000000000000,        0.000000000000000,   75641.770891311854939,   75641.770891311854939,       0.000000000000000,       0.500000000000000,         4
  1725943046,     160.121534995807991,    1441.253936497267887,0,       2.206228617752614,       0.000000000000000,       0.850000000000000,       0.850000000000000,       0.850000000000000,       0.850000000000000,       0.850000000000000,       0.850000000000000,       0.850000000000000,       0.850000000000000,       0.000000000000000,       0.000000000000000,       0.000000000000000,       0.000000000000000,       0.000000000000000,       0.000000000000000,       0.786538968545503,       0.786538968545503,       0.835985291504618,       0.835985291504618,       0.000249792457565,       0.000249792457565,       0.000829773817341,       0.000829773817341,                   1,                   1,              1,              1,    1441.253936497267887,    1441.253936497267887,       0.487850074994848,       0.487850074994848,    5444.888733634802520,    5444.888733634802520,       0.008964713124004,       0.008964713124004,       0.000000000037830,       0.000000000037830,      59.123601221739520,      59.123601221739520,      -0.333333333333333,      -0.333333333333333,      -0.333333333333333,      -0.333333333333333,      -0.281254257698058,      -0.281254257698058,      -0.281254257698058,      -0.281254257698058,       0.000000000000000,       0.000000000000000,                         0,                         0,       0.000000000000000,       0.000000000000000,       0.000000000000000,       0.000000000000000,       0.370522262544232,   -1319.648974291368177,       0.008000000000000,       0.008000000000000,         0,       0.000000000000000,       0.000000000000000,       0.000000000000000,       0.000000000000000,       0.000000000000000,       0.000000000000000,       0.000000000000000,       0.000000000000000,        0.000000000000000,        0.000000000000000,   75426.867621125478763,   75426.867621125478763,       0.000000000000000,       0.500000000000000,         2
  1725943046,     160.121534995807991,    1441.253936497267887,0,       2.206228617752614,       0.000000000000000,       0.850000000000000,       0.850000000000000,       0.850000000000000,       0.850000000000000,       0.850000000000000,       0.850000000000000,       0.850000000000000,       0.850000000000000,       0.000000000000000,       0.000000000000000,       0.000000000000000,       0.000000000000000,       0.000000000000000,       0.000000000000000,       0.786538968545503,       0.786538968545503,       0.835985291504618,       0.835985291504618,       0.000249792457565,       0.000249792457565,       0.000829773817341,       0.000829773817341,                   1,                   1,              1,              1,    1441.253936497267887,    1441.253936497267887,       0.487850074994848,       0.487850074994848,    5444.888733634802520,    5444.888733634802520,       0.008964713124004,       0.008964713124004,       0.000000000037830,       0.000000000037830,      59.123601221739520,      59.123601221739520,      -0.333333333333333,      -0.333333333333333,      -0.333333333333333,      -0.333333333333333,      -0.281254257698058,      -0.281254257698058,      -0.281254257698058,      -0.281254257698058,       0.000000000000000,       0.000000000000000,                         0,                         0,       0.000000000000000,       0.000000000000000,       0.000000000000000,       0.000000000000000,       0.370522262544232,   -1319.648974291368177,       0.008000000000000,       0.008000000000000,         0,       0.000000000000000,       0.000000000000000,       0.000000000000000,       0.000000000000000,       0.000000000000000,       0.000000000000000,       0.000000000000000,       0.000000000000000,        0.000000000000000,        0.000000000000000,   75426.867621125478763,   75426.867621125478763,       0.000000000000000,       0.500000000000000,        10
  1725943046,     160.121534995807991,    1441.253936497267887,0,       2.206228617752614,       0.000000000000000,       0.850000000000000,       0.850000000000000,       0.850000000000000,       0.850000000000000,       0.850000000000000,       0.850000000000000,       0.850000000000000,       0.850000000000000,       0.000000000000000,       0.000000000000000,       0.000000000000000,       0.000000000000000,       0.000000000000000,       0.000000000000000,       0.786538968545503,       0.786538968545503,       0.835985291504618,       0.835985291504618,       0.000249792457565,       0.000249792457565,       0.000829773817341,       0.000829773817341,                   1,                   1,              1,              1,    1441.253936497267887,    1441.253936497267887,       0.487850074994848,       0.487850074994848,    5444.888733634802520,    5444.888733634802520,       0.008964713124004,       0.008964713124004,       0.000000000037830,       0.000000000037830,      59.123601221739520,      59.123601221739520,      -0.333333333333333,      -0.333333333333333,      -0.333333333333333,      -0.333333333333333,      -0.281254257698058,      -0.281254257698058,      -0.281254257698058,      -0.281254257698058,       0.000000000000000,       0.000000000000000,                         0,                         0,       0.000000000000000,       0.000000000000000,       0.000000000000000,       0.000000000000000,       0.370522262544232,   -1319.648974291368177,       0.008000000000000,       0.008000000000000,         0,       0.000000000000000,       0.000000000000000,       0.000000000000000,       0.000000000000000,       0.000000000000000,       0.000000000000000,       0.000000000000000,       0.000000000000000,        0.000000000000000,        0.000000000000000,   75426.867621125478763,   75426.867621125478763,       0.000000000000000,       0.500000000000000,        11
  1725943046,     160.121534995807991,    1441.253936497267887,0,       2.206228617752614,       0.000000000000000,       0.850000000000000,       0.850000000000000,       0.850000000000000,       0.850000000000000,       0.850000000000000,       0.850000000000000,       0.850000000000000,       0.850000000000000,       0.000000000000000,       0.000000000000000,       0.000000000000000,       0.000000000000000,       0.000000000000000,       0.000000000000000,       0.786538968545503,       0.786538968545503,       0.835985291504618,       0.835985291504618,       0.000249792457565,       0.000249792457565,       0.000829773817341,       0.000829773817341,                   1,                   1,              1,              1,    1441.253936497267887,    1441.253936497267887,       0.487850074994848,       0.487850074994848,    5444.888733634802520,    5444.888733634802520,       0.008964713124004,       0.008964713124004,       0.000000000037830,       0.000000000037830,      59.123601221739520,      59.123601221739520,      -0.333333333333333,      -0.333333333333333,      -0.333333333333333,      -0.333333333333333,      -0.281254257698058,      -0.281254257698058,      -0.281254257698058,      -0.281254257698058,       0.000000000000000,       0.000000000000000,                         0,                         0,       0.000000000000000,       0.000000000000000,       0.000000000000000,       0.000000000000000,       0.370598144557196,   -1319.349891011010186,       0.008000000000000,       0.008000000000000,         0,       0.000000000000000,       0.000000000000000,       0.000000000000000,       0.000000000000000,       0.000000000000000,       0.000000000000000,       0.000000000000000,       0.000000000000000,        0.000000000000000,        0.000000000000000,   75426.867621125478763,   75426.867621125478763,       0.000000000000000,       0.500000000000000,        14
  1725943046,     160.121534995807991,    1441.253936497267887,0,       2.206228617752614,       0.000000000000000,       0.850000000000000,       0.850000000000000,       0.850000000000000,       0.850000000000000,       0.850000000000000,       0.850000000000000,       0.850000000000000,       0.850000000000000,       0.000000000000000,       0.000000000000000,       0.000000000000000,       0.000000000000000,       0.000000000000000,       0.000000000000000,       0.786538968545503,       0.786538968545503,       0.835985291504618,       0.835985291504618,       0.000249792457565,       0.000249792457565,       0.000829773817341,       0.000829773817341,                   1,                   1,              1,              1,    1441.253936497267887,    1441.253936497267887,       0.487850074994848,       0.487850074994848,    5444.888733634802520,    5444.888733634802520,       0.008964713124004,       0.008964713124004,       0.000000000037830,       0.000000000037830,      59.123601221739520,      59.123601221739520,      -0.333333333333333,      -0.333333333333333,      -0.333333333333333,      -0.333333333333333,      -0.281254257698058,      -0.281254257698058,      -0.281254257698058,      -0.281254257698058,       0.000000000000000,       0.000000000000000,                         0,                         0,       0.000000000000000,       0.000000000000000,       0.000000000000000,       0.000000000000000,       0.370598144557196,   -1319.349891011010186,       0.008000000000000,       0.008000000000000,         0,       0.000000000000000,       0.000000000000000,       0.000000000000000,       0.000000000000000,       0.000000000000000,       0.000000000000000,       0.000000000000000,       0.000000000000000,        0.000000000000000,        0.000000000000000,   75426.867621125478763,   75426.867621125478763,       0.000000000000000,       0.500000000000000,         3
  1725943046,     160.121534995807991,    1441.253936497267887,0,       2.206228617752614,       0.000000000000000,       0.850000000000000,       0.850000000000000,       0.850000000000000,       0.850000000000000,       0.850000000000000,       0.850000000000000,       0.850000000000000,       0.850000000000000,       0.000000000000000,       0.000000000000000,       0.000000000000000,       0.000000000000000,       0.000000000000000,       0.000000000000000,       0.786538968545503,       0.786538968545503,       0.835985291504618,       0.835985291504618,       0.000249792457565,       0.000249792457565,       0.000829773817341,       0.000829773817341,                   1,                   1,              1,              1,    1441.253936497267887,    1441.253936497267887,       0.487850074994848,       0.487850074994848,    5444.888733634802520,    5444.888733634802520,       0.008964713124004,       0.008964713124004,       0.000000000037830,       0.000000000037830,      59.123601221739520,      59.123601221739520,      -0.333333333333333,      -0.333333333333333,      -0.333333333333333,      -0.333333333333333,      -0.281254257698058,      -0.281254257698058,      -0.281254257698058,      -0.281254257698058,       0.000000000000000,       0.000000000000000,                         0,                         0,       0.000000000000000,       0.000000000000000,       0.000000000000000,       0.000000000000000,       0.370598144557196,   -1319.349891011010186,       0.008000000000000,       0.008000000000000,         0,       0.000000000000000,       0.000000000000000,       0.000000000000000,       0.000000000000000,       0.000000000000000,       0.000000000000000,       0.000000000000000,       0.000000000000000,        0.000000000000000,        0.000000000000000,   75426.867621125478763,   75426.867621125478763,       0.000000000000000,       0.500000000000000,         4
  1725943046,     160.121534995807991,    1601.375471493075793,0,       2.206228617752614,       0.000000000000000,       0.850000000000000,       0.850000000000000,       0.850000000000000,       0.850000000000000,       0.850000000000000,       0.850000000000000,       0.850000000000000,       0.850000000000000,       0.000000000000000,       0.000000000000000,       0.000000000000000,       0.000000000000000,       0.000000000000000,       0.000000000000000,       0.788214026297718,       0.788214026297718,       0.835985291504618,       0.835985291504618,       0.000249792457565,       0.000249792457565,       0.000827130156513,       0.000827130156513,                   1,                   1,              1,              1,    1601.375471493075793,    1601.375471493075793,       0.491404242369158,       0.491404242369158,    5448.979618219523218,    5448.979618219523218,       0.009002937300339,       0.009002937300339,       0.000000000037951,       0.000000000037951,      58.571242783387774,      58.571242783387774,      -0.333333333333333,      -0.333333333333333,      -0.333333333333333,      -0.333333333333333,      -0.281254257698058,      -0.281254257698058,      -0.281254257698058,      -0.281254257698058,       0.000000000000000,       0.000000000000000,                         0,                         0,       0.000000000000000,       0.000000000000000,       0.000000000000000,       0.000000000000000,       0.370598144557196,   -1319.349891011010186,       0.008000000000000,       0.008000000000000,         0,       0.000000000000000,       0.000000000000000,       0.000000000000000,       0.000000000000000,       0.000000000000000,       0.000000000000000,       0.000000000000000,       0.000000000000000,        0.000000000000000,        0.000000000000000,   75186.558081965369638,   75186.558081965369638,       0.000000000000000,       0.500000000000000,         2
  1725943046,     160.121534995807991,    1601.375471493075793,0,       2.206228617752614,       0.000000000000000,       0.850000000000000,       0.850000000000000,       0.850000000000000,       0.850000000000000,       0.850000000000000,       0.850000000000000,       0.850000000000000,       0.850000000000000,       0.000000000000000,       0.000000000000000,       0.000000000000000,       0.000000000000000,       0.000000000000000,       0.000000000000000,       0.788214026297718,       0.788214026297718,       0.835985291504618,       0.835985291504618,       0.000249792457565,       0.000249792457565,       0.000827130156513,       0.000827130156513,                   1,                   1,              1,              1,    1601.375471493075793,    1601.375471493075793,       0.491404242369158,       0.491404242369158,    5448.979618219523218,    5448.979618219523218,       0.009002937300339,       0.009002937300339,       0.000000000037951,       0.000000000037951,      58.571242783387774,      58.571242783387774,      -0.333333333333333,      -0.333333333333333,      -0.333333333333333,      -0.333333333333333,      -0.281254257698058,      -0.281254257698058,      -0.281254257698058,      -0.281254257698058,       0.000000000000000,       0.000000000000000,                         0,                         0,       0.000000000000000,       0.000000000000000,       0.000000000000000,       0.000000000000000,       0.370598144557196,   -1319.349891011010186,       0.008000000000000,       0.008000000000000,         0,       0.000000000000000,       0.000000000000000,       0.000000000000000,       0.000000000000000,       0.000000000000000,       0.000000000000000,       0.000000000000000,       0.000000000000000,        0.000000000000000,        0.000000000000000,   75186.558081965369638,   75186.558081965369638,       0.000000000000000,       0.500000000000000,        10
  1725943046,     160.121534995807991,    1601.375471493075793,0,       2.206228617752614,       0.000000000000000,       0.850000000000000,       0.850000000000000,       0.850000000000000,       0.850000000000000,       0.850000000000000,       0.850000000000000,       0.850000000000000,       0.850000000000000,       0.000000000000000,       0.000000000000000,       0.000000000000000,       0.000000000000000,       0.000000000000000,       0.000000000000000,       0.788214026297718,       0.788214026297718,       0.835985291504618,       0.835985291504618,       0.000249792457565,       0.000249792457565,       0.000827130156513,       0.000827130156513,                   1,                   1,              1,              1,    1601.375471493075793,    1601.375471493075793,       0.491404242369158,       0.491404242369158,    5448.979618219523218,    5448.979618219523218,       0.009002937300339,       0.009002937300339,       0.000000000037951,       0.000000000037951,      58.571242783387774,      58.571242783387774,      -0.333333333333333,      -0.333333333333333,      -0.333333333333333,      -0.333333333333333,      -0.281254257698058,      -0.281254257698058,      -0.281254257698058,      -0.281254257698058,       0.000000000000000,       0.000000000000000,                         0,                         0,       0.000000000000000,       0.000000000000000,       0.000000000000000,       0.000000000000000,       0.370598144557196,   -1319.349891011010186,       0.008000000000000,       0.008000000000000,         0,       0.000000000000000,       0.000000000000000,       0.000000000000000,       0.000000000000000,       0.000000000000000,       0.000000000000000,       0.000000000000000,       0.000000000000000,        0.000000000000000,        0.000000000000000,   75186.558081965369638,   75186.558081965369638,       0.000000000000000,       0.500000000000000,        11
  1725943046,     160.121534995807991,    1601.375471493075793,0,       2.206228617752614,       0.000000000000000,       0.850000000000000,       0.850000000000000,       0.850000000000000,       0.850000000000000,       0.850000000000000,       0.850000000000000,       0.850000000000000,       0.850000000000000,       0.000000000000000,       0.000000000000000,       0.000000000000000,       0.000000000000000,       0.000000000000000,       0.000000000000000,       0.788214026297718,       0.788214026297718,       0.835985291504618,       0.835985291504618,       0.000249792457565,       0.000249792457565,       0.000827130156513,       0.000827130156513,                   1,                   1,              1,              1,    1601.375471493075793,    1601.375471493075793,       0.491404242369158,       0.491404242369158,    5448.979618219523218,    5448.979618219523218,       0.009002937300339,       0.009002937300339,       0.000000000037951,       0.000000000037951,      58.571242783387774,      58.571242783387774,      -0.333333333333333,      -0.333333333333333,      -0.333333333333333,      -0.333333333333333,      -0.281254257698058,      -0.281254257698058,      -0.281254257698058,      -0.281254257698058,       0.000000000000000,       0.000000000000000,                         0,                         0,       0.000000000000000,       0.000000000000000,       0.000000000000000,       0.000000000000000,       0.370674592909866,   -1319.048575545049516,       0.008000000000000,       0.008000000000000,         0,       0.000000000000000,       0.000000000000000,       0.000000000000000,       0.000000000000000,       0.000000000000000,       0.000000000000000,       0.000000000000000,       0.000000000000000,        0.000000000000000,        0.000000000000000,   75186.558081965369638,   75186.558081965369638,       0.000000000000000,       0.500000000000000,        14
  1725943046,     160.121534995807991,    1601.375471493075793,0,       2.206228617752614,       0.000000000000000,       0.850000000000000,       0.850000000000000,       0.850000000000000,       0.850000000000000,       0.850000000000000,       0.850000000000000,       0.850000000000000,       0.850000000000000,       0.000000000000000,       0.000000000000000,       0.000000000000000,       0.000000000000000,       0.000000000000000,       0.000000000000000,       0.788214026297718,       0.788214026297718,       0.835985291504618,       0.835985291504618,       0.000249792457565,       0.000249792457565,       0.000827130156513,       0.000827130156513,                   1,                   1,              1,              1,    1601.375471493075793,    1601.375471493075793,       0.491404242369158,       0.491404242369158,    5448.979618219523218,    5448.979618219523218,       0.009002937300339,       0.009002937300339,       0.000000000037951,       0.000000000037951,      58.571242783387774,      58.571242783387774,      -0.333333333333333,      -0.333333333333333,      -0.333333333333333,      -0.333333333333333,      -0.281254257698058,      -0.281254257698058,      -0.281254257698058,      -0.281254257698058,       0.000000000000000,       0.000000000000000,                         0,                         0,       0.000000000000000,       0.000000000000000,       0.000000000000000,       0.000000000000000,       0.370674592909866,   -1319.048575545049516,       0.008000000000000,       0.008000000000000,         0,       0.000000000000000,       0.000000000000000,       0.000000000000000,       0.000000000000000,       0.000000000000000,       0.000000000000000,       0.000000000000000,       0.000000000000000,        0.000000000000000,        0.000000000000000,   75186.558081965369638,   75186.558081965369638,       0.000000000000000,       0.500000000000000,         3
  1725943046,     160.121534995807991,    1601.375471493075793,0,       2.206228617752614,       0.000000000000000,       0.850000000000000,       0.850000000000000,       0.850000000000000,       0.850000000000000,       0.850000000000000,       0.850000000000000,       0.850000000000000,       0.850000000000000,       0.000000000000000,       0.000000000000000,       0.000000000000000,       0.000000000000000,       0.000000000000000,       0.000000000000000,       0.788214026297718,       0.788214026297718,       0.835985291504618,       0.835985291504618,       0.000249792457565,       0.000249792457565,       0.000827130156513,       0.000827130156513,                   1,                   1,              1,              1,    1601.375471493075793,    1601.375471493075793,       0.491404242369158,       0.491404242369158,    5448.979618219523218,    5448.979618219523218,       0.009002937300339,       0.009002937300339,       0.000000000037951,       0.000000000037951,      58.571242783387774,      58.571242783387774,      -0.333333333333333,      -0.333333333333333,      -0.333333333333333,      -0.333333333333333,      -0.281254257698058,      -0.281254257698058,      -0.281254257698058,      -0.281254257698058,       0.000000000000000,       0.000000000000000,                         0,                         0,       0.000000000000000,       0.000000000000000,       0.000000000000000,       0.000000000000000,       0.370674592909866,   -1319.048575545049516,       0.008000000000000,       0.008000000000000,         0,       0.000000000000000,       0.000000000000000,       0.000000000000000,       0.000000000000000,       0.000000000000000,       0.000000000000000,       0.000000000000000,       0.000000000000000,        0.000000000000000,        0.000000000000000,   75186.558081965369638,   75186.558081965369638,       0.000000000000000,       0.500000000000000,         4
  1725943046,     160.121534995807991,    1761.497006488883699,0,       2.206228617752614,       0.000000000000000,       0.850000000000000,       0.850000000000000,       0.850000000000000,       0.850000000000000,       0.850000000000000,       0.850000000000000,       0.850000000000000,       0.850000000000000,       0.000000000000000,       0.000000000000000,       0.000000000000000,       0.000000000000000,       0.000000000000000,       0.000000000000000,       0.789898593650444,       0.789898593650444,       0.835985291504618,       0.835985291504618,       0.000249792457565,       0.000249792457565,       0.000824485614560,       0.000824485614560,                   1,                   1,              1,              1,    1761.497006488883699,    1761.497006488883699,       0.495027554257223,       0.495027554257223,    5453.172181275021103,    5453.172181275021103,       0.009041460493681,       0.009041460493681,       0.000000000038073,       0.000000000038073,      58.018538625150370,      58.018538625150370,      -0.333333333333333,      -0.333333333333333,      -0.333333333333333,      -0.333333333333333,      -0.281254257698058,      -0.281254257698058,      -0.281254257698058,      -0.281254257698058,       0.000000000000000,       0.000000000000000,                         0,                         0,       0.000000000000000,       0.000000000000000,       0.000000000000000,       0.000000000000000,       0.370674592909866,   -1319.048575545049516,       0.008000000000000,       0.008000000000000,         0,       0.000000000000000,       0.000000000000000,       0.000000000000000,       0.000000000000000,       0.000000000000000,       0.000000000000000,       0.000000000000000,       0.000000000000000,        0.000000000000000,        0.000000000000000,   74921.337868584771059,   74921.337868584771059,       0.000000000000000,       0.500000000000000,         2
  1725943046,     160.121534995807991,    1761.497006488883699,0,       2.206228617752614,       0.000000000000000,       0.850000000000000,       0.850000000000000,       0.850000000000000,       0.850000000000000,       0.850000000000000,       0.850000000000000,       0.850000000000000,       0.850000000000000,       0.000000000000000,       0.000000000000000,       0.000000000000000,       0.000000000000000,       0.000000000000000,       0.000000000000000,       0.789898593650444,       0.789898593650444,       0.835985291504618,       0.835985291504618,       0.000249792457565,       0.000249792457565,       0.000824485614560,       0.000824485614560,                   1,                   1,              1,              1,    1761.497006488883699,    1761.497006488883699,       0.495027554257223,       0.495027554257223,    5453.172181275021103,    5453.172181275021103,       0.009041460493681,       0.009041460493681,       0.000000000038073,       0.000000000038073,      58.018538625150370,      58.018538625150370,      -0.333333333333333,      -0.333333333333333,      -0.333333333333333,      -0.333333333333333,      -0.281254257698058,      -0.281254257698058,      -0.281254257698058,      -0.281254257698058,       0.000000000000000,       0.000000000000000,                         0,                         0,       0.000000000000000,       0.000000000000000,       0.000000000000000,       0.000000000000000,       0.370674592909866,   -1319.048575545049516,       0.008000000000000,       0.008000000000000,         0,       0.000000000000000,       0.000000000000000,       0.000000000000000,       0.000000000000000,       0.000000000000000,       0.000000000000000,       0.000000000000000,       0.000000000000000,        0.000000000000000,        0.000000000000000,   74921.337868584771059,   74921.337868584771059,       0.000000000000000,       0.500000000000000,        10
  1725943046,     160.121534995807991,    1761.497006488883699,0,       2.206228617752614,       0.000000000000000,       0.850000000000000,       0.850000000000000,       0.850000000000000,       0.850000000000000,       0.850000000000000,       0.850000000000000,       0.850000000000000,       0.850000000000000,       0.000000000000000,       0.000000000000000,       0.000000000000000,       0.000000000000000,       0.000000000000000,       0.000000000000000,       0.789898593650444,       0.789898593650444,       0.835985291504618,       0.835985291504618,       0.000249792457565,       0.000249792457565,       0.000824485614560,       0.000824485614560,                   1,                   1,              1,              1,    1761.497006488883699,    1761.497006488883699,       0.495027554257223,       0.495027554257223,    5453.172181275021103,    5453.172181275021103,       0.009041460493681,       0.009041460493681,       0.000000000038073,       0.000000000038073,      58.018538625150370,      58.018538625150370,      -0.333333333333333,      -0.333333333333333,      -0.333333333333333,      -0.333333333333333,      -0.281254257698058,      -0.281254257698058,      -0.281254257698058,      -0.281254257698058,       0.000000000000000,       0.000000000000000,                         0,                         0,       0.000000000000000,       0.000000000000000,       0.000000000000000,       0.000000000000000,       0.370674592909866,   -1319.048575545049516,       0.008000000000000,       0.008000000000000,         0,       0.000000000000000,       0.000000000000000,       0.000000000000000,       0.000000000000000,       0.000000000000000,       0.000000000000000,       0.000000000000000,       0.000000000000000,        0.000000000000000,        0.000000000000000,   74921.337868584771059,   74921.337868584771059,       0.000000000000000,       0.500000000000000,        11
  1725943046,     160.121534995807991,    1761.497006488883699,0,       2.206228617752614,       0.000000000000000,       0.850000000000000,       0.850000000000000,       0.850000000000000,       0.850000000000000,       0.850000000000000,       0.850000000000000,       0.850000000000000,       0.850000000000000,       0.000000000000000,       0.000000000000000,       0.000000000000000,       0.000000000000000,       0.000000000000000,       0.000000000000000,       0.789898593650444,       0.789898593650444,       0.835985291504618,       0.835985291504618,       0.000249792457565,       0.000249792457565,       0.000824485614560,       0.000824485614560,                   1,                   1,              1,              1,    1761.497006488883699,    1761.497006488883699,       0.495027554257223,       0.495027554257223,    5453.172181275021103,    5453.172181275021103,       0.009041460493681,       0.009041460493681,       0.000000000038073,       0.000000000038073,      58.018538625150370,      58.018538625150370,      -0.333333333333333,      -0.333333333333333,      -0.333333333333333,      -0.333333333333333,      -0.281254257698058,      -0.281254257698058,      -0.281254257698058,      -0.281254257698058,       0.000000000000000,       0.000000000000000,                         0,                         0,       0.000000000000000,       0.000000000000000,       0.000000000000000,       0.000000000000000,       0.370751639296551,   -1318.744902972733826,       0.008000000000000,       0.008000000000000,         0,       0.000000000000000,       0.000000000000000,       0.000000000000000,       0.000000000000000,       0.000000000000000,       0.000000000000000,       0.000000000000000,       0.000000000000000,        0.000000000000000,        0.000000000000000,   74921.337868584771059,   74921.337868584771059,       0.000000000000000,       0.500000000000000,        14
  1725943046,     160.121534995807991,    1761.497006488883699,0,       2.206228617752614,       0.000000000000000,       0.850000000000000,       0.850000000000000,       0.850000000000000,       0.850000000000000,       0.850000000000000,       0.850000000000000,       0.850000000000000,       0.850000000000000,       0.000000000000000,       0.000000000000000,       0.000000000000000,       0.000000000000000,       0.000000000000000,       0.000000000000000,       0.789898593650444,       0.789898593650444,       0.835985291504618,       0.835985291504618,       0.000249792457565,       0.000249792457565,       0.000824485614560,       0.000824485614560,                   1,                   1,              1,              1,    1761.497006488883699,    1761.497006488883699,       0.495027554257223,       0.495027554257223,    5453.172181275021103,    5453.172181275021103,       0.009041460493681,       0.009041460493681,       0.000000000038073,       0.000000000038073,      58.018538625150370,      58.018538625150370,      -0.333333333333333,      -0.333333333333333,      -0.333333333333333,      -0.333333333333333,      -0.281254257698058,      -0.281254257698058,      -0.281254257698058,      -0.281254257698058,       0.000000000000000,       0.000000000000000,                         0,                         0,       0.000000000000000,       0.000000000000000,       0.000000000000000,       0.000000000000000,       0.370751639296551,   -1318.744902972733826,       0.008000000000000,       0.008000000000000,         0,       0.000000000000000,       0.000000000000000,       0.000000000000000,       0.000000000000000,       0.000000000000000,       0.000000000000000,       0.000000000000000,       0.000000000000000,        0.000000000000000,        0.000000000000000,   74921.337868584771059,   74921.337868584771059,       0.000000000000000,       0.500000000000000,         3
  1725943046,     160.121534995807991,    1761.497006488883699,0,       2.206228617752614,       0.000000000000000,       0.850000000000000,       0.850000000000000,       0.850000000000000,       0.850000000000000,       0.850000000000000,       0.850000000000000,       0.850000000000000,       0.850000000000000,       0.000000000000000,       0.000000000000000,       0.000000000000000,       0.000000000000000,       0.000000000000000,       0.000000000000000,       0.789898593650444,       0.789898593650444,       0.835985291504618,       0.835985291504618,       0.000249792457565,       0.000249792457565,       0.000824485614560,       0.000824485614560,                   1,                   1,              1,              1,    1761.497006488883699,    1761.497006488883699,       0.495027554257223,       0.495027554257223,    5453.172181275021103,    5453.172181275021103,       0.009041460493681,       0.009041460493681,       0.000000000038073,       0.000000000038073,      58.018538625150370,      58.018538625150370,      -0.333333333333333,      -0.333333333333333,      -0.333333333333333,      -0.333333333333333,      -0.281254257698058,      -0.281254257698058,      -0.281254257698058,      -0.281254257698058,       0.000000000000000,       0.000000000000000,                         0,                         0,       0.000000000000000,       0.000000000000000,       0.000000000000000,       0.000000000000000,       0.370751639296551,   -1318.744902972733826,       0.008000000000000,       0.008000000000000,         0,       0.000000000000000,       0.000000000000000,       0.000000000000000,       0.000000000000000,       0.000000000000000,       0.000000000000000,       0.000000000000000,       0.000000000000000,        0.000000000000000,        0.000000000000000,   74921.337868584771059,   74921.337868584771059,       0.000000000000000,       0.500000000000000,         4
  1725943046,     160.121534995807991,    1921.618541484691605,0,       2.206228617752614,       0.000000000000000,       0.850000000000000,       0.850000000000000,       0.850000000000000,       0.850000000000000,       0.850000000000000,       0.850000000000000,       0.850000000000000,       0.850000000000000,       0.000000000000000,       0.000000000000000,       0.000000000000000,       0.000000000000000,       0.000000000000000,       0.000000000000000,       0.791593311758666,       0.791593311758666,       0.835985291504618,       0.835985291504618,       0.000249792457565,       0.000249792457565,       0.000821839326572,       0.000821839326572,                   1,                   1,              1,              1,    1921.618541484691605,    1921.618541484691605,       0.498721156039500,       0.498721156039500,    5457.464600132689156,    5457.464600132689156,       0.009080298806121,       0.009080298806121,       0.000000000038196,       0.000000000038196,      57.465553181231812,      57.465553181231812,      -0.333333333333333,      -0.333333333333333,      -0.333333333333333,      -0.333333333333333,      -0.281254257698058,      -0.281254257698058,      -0.281254257698058,      -0.281254257698058,       0.000000000000000,       0.000000000000000,                         0,                         0,       0.000000000000000,       0.000000000000000,       0.000000000000000,       0.000000000000000,       0.370751639296551,   -1318.744902972733826,       0.008000000000000,       0.008000000000000,         0,       0.000000000000000,       0.000000000000000,       0.000000000000000,       0.000000000000000,       0.000000000000000,       0.000000000000000,       0.000000000000000,       0.000000000000000,        0.000000000000000,        0.000000000000000,   74631.748308284542873,   74631.748308284542873,       0.000000000000000,       0.500000000000000,         2
  1725943046,     160.121534995807991,    1921.618541484691605,0,       2.206228617752614,       0.000000000000000,       0.850000000000000,       0.850000000000000,       0.850000000000000,       0.850000000000000,       0.850000000000000,       0.850000000000000,       0.850000000000000,       0.850000000000000,       0.000000000000000,       0.000000000000000,       0.000000000000000,       0.000000000000000,       0.000000000000000,       0.000000000000000,       0.791593311758666,       0.791593311758666,       0.835985291504618,       0.835985291504618,       0.000249792457565,       0.000249792457565,       0.000821839326572,       0.000821839326572,                   1,                   1,              1,              1,    1921.618541484691605,    1921.618541484691605,       0.498721156039500,       0.498721156039500,    5457.464600132689156,    5457.464600132689156,       0.009080298806121,       0.009080298806121,       0.000000000038196,       0.000000000038196,      57.465553181231812,      57.465553181231812,      -0.333333333333333,      -0.333333333333333,      -0.333333333333333,      -0.333333333333333,      -0.281254257698058,      -0.281254257698058,      -0.281254257698058,      -0.281254257698058,       0.000000000000000,       0.000000000000000,                         0,                         0,       0.000000000000000,       0.000000000000000,       0.000000000000000,       0.000000000000000,       0.370751639296551,   -1318.744902972733826,       0.008000000000000,       0.008000000000000,         0,       0.000000000000000,       0.000000000000000,       0.000000000000000,       0.000000000000000,       0.000000000000000,       0.000000000000000,       0.000000000000000,       0.000000000000000,        0.000000000000000,        0.000000000000000,   74631.748308284542873,   74631.748308284542873,       0.000000000000000,       0.500000000000000,        10
  1725943046,     160.121534995807991,    1921.618541484691605,0,       2.206228617752614,       0.000000000000000,       0.850000000000000,       0.850000000000000,       0.850000000000000,       0.850000000000000,       0.850000000000000,       0.850000000000000,       0.850000000000000,       0.850000000000000,       0.000000000000000,       0.000000000000000,       0.000000000000000,       0.000000000000000,       0.000000000000000,       0.000000000000000,       0.791593311758666,       0.791593311758666,       0.835985291504618,       0.835985291504618,       0.000249792457565,       0.000249792457565,       0.000821839326572,       0.000821839326572,                   1,                   1,              1,              1,    1921.618541484691605,    1921.618541484691605,       0.498721156039500,       0.498721156039500,    5457.464600132689156,    5457.464600132689156,       0.009080298806121,       0.009080298806121,       0.000000000038196,       0.000000000038196,      57.465553181231812,      57.465553181231812,      -0.333333333333333,      -0.333333333333333,      -0.333333333333333,      -0.333333333333333,      -0.281254257698058,      -0.281254257698058,      -0.281254257698058,      -0.281254257698058,       0.000000000000000,       0.000000000000000,                         0,                         0,       0.000000000000000,       0.000000000000000,       0.000000000000000,       0.000000000000000,       0.370751639296551,   -1318.744902972733826,       0.008000000000000,       0.008000000000000,         0,       0.000000000000000,       0.000000000000000,       0.000000000000000,       0.000000000000000,       0.000000000000000,       0.000000000000000,       0.000000000000000,       0.000000000000000,        0.000000000000000,        0.000000000000000,   74631.748308284542873,   74631.748308284542873,       0.000000000000000,       0.500000000000000,        11
  1725943046,     160.121534995807991,    1921.618541484691605,0,       2.206228617752614,       0.000000000000000,       0.850000000000000,       0.850000000000000,       0.850000000000000,       0.850000000000000,       0.850000000000000,       0.850000000000000,       0.850000000000000,       0.850000000000000,       0.000000000000000,       0.000000000000000,       0.000000000000000,       0.000000000000000,       0.000000000000000,       0.000000000000000,       0.791593311758666,       0.791593311758666,       0.835985291504618,       0.835985291504618,       0.000249792457565,       0.000249792457565,       0.000821839326572,       0.000821839326572,                   1,                   1,              1,              1,    1921.618541484691605,    1921.618541484691605,       0.498721156039500,       0.498721156039500,    5457.464600132689156,    5457.464600132689156,       0.009080298806121,       0.009080298806121,       0.000000000038196,       0.000000000038196,      57.465553181231812,      57.465553181231812,      -0.333333333333333,      -0.333333333333333,      -0.333333333333333,      -0.333333333333333,      -0.281254257698058,      -0.281254257698058,      -0.281254257698058,      -0.281254257698058,       0.000000000000000,       0.000000000000000,                         0,                         0,       0.000000000000000,       0.000000000000000,       0.000000000000000,       0.000000000000000,       0.370829315921431,   -1318.438746363692644,       0.008000000000000,       0.008000000000000,         0,       0.000000000000000,       0.000000000000000,       0.000000000000000,       0.000000000000000,       0.000000000000000,       0.000000000000000,       0.000000000000000,       0.000000000000000,        0.000000000000000,        0.000000000000000,   74631.748308284542873,   74631.748308284542873,       0.000000000000000,       0.500000000000000,        14
  1725943046,     160.121534995807991,    1921.618541484691605,0,       2.206228617752614,       0.000000000000000,       0.850000000000000,       0.850000000000000,       0.850000000000000,       0.850000000000000,       0.850000000000000,       0.850000000000000,       0.850000000000000,       0.850000000000000,       0.000000000000000,       0.000000000000000,       0.000000000000000,       0.000000000000000,       0.000000000000000,       0.000000000000000,       0.791593311758666,       0.791593311758666,       0.835985291504618,       0.835985291504618,       0.000249792457565,       0.000249792457565,       0.000821839326572,       0.000821839326572,                   1,                   1,              1,              1,    1921.618541484691605,    1921.618541484691605,       0.498721156039500,       0.498721156039500,    5457.464600132689156,    5457.464600132689156,       0.009080298806121,       0.009080298806121,       0.000000000038196,       0.000000000038196,      57.465553181231812,      57.465553181231812,      -0.333333333333333,      -0.333333333333333,      -0.333333333333333,      -0.333333333333333,      -0.281254257698058,      -0.281254257698058,      -0.281254257698058,      -0.281254257698058,       0.000000000000000,       0.000000000000000,                         0,                         0,       0.000000000000000,       0.000000000000000,       0.000000000000000,       0.000000000000000,       0.370829315921431,   -1318.438746363692644,       0.008000000000000,       0.008000000000000,         0,       0.000000000000000,       0.000000000000000,       0.000000000000000,       0.000000000000000,       0.000000000000000,       0.000000000000000,       0.000000000000000,       0.000000000000000,        0.000000000000000,        0.000000000000000,   74631.748308284542873,   74631.748308284542873,       0.000000000000000,       0.500000000000000,         3
  1725943046,     160.121534995807991,    1921.618541484691605,0,       2.206228617752614,       0.000000000000000,       0.850000000000000,       0.850000000000000,       0.850000000000000,       0.850000000000000,       0.850000000000000,       0.850000000000000,       0.850000000000000,       0.850000000000000,       0.000000000000000,       0.000000000000000,       0.000000000000000,       0.000000000000000,       0.000000000000000,       0.000000000000000,       0.791593311758666,       0.791593311758666,       0.835985291504618,       0.835985291504618,       0.000249792457565,       0.000249792457565,       0.000821839326572,       0.000821839326572,                   1,                   1,              1,              1,    1921.618541484691605,    1921.618541484691605,       0.498721156039500,       0.498721156039500,    5457.464600132689156,    5457.464600132689156,       0.009080298806121,       0.009080298806121,       0.000000000038196,       0.000000000038196,      57.465553181231812,      57.465553181231812,      -0.333333333333333,      -0.333333333333333,      -0.333333333333333,      -0.333333333333333,      -0.281254257698058,      -0.281254257698058,      -0.281254257698058,      -0.281254257698058,       0.000000000000000,       0.000000000000000,                         0,                         0,       0.000000000000000,       0.000000000000000,       0.000000000000000,       0.000000000000000,       0.370829315921431,   -1318.438746363692644,       0.008000000000000,       0.008000000000000,         0,       0.000000000000000,       0.000000000000000,       0.000000000000000,       0.000000000000000,       0.000000000000000,       0.000000000000000,       0.000000000000000,       0.000000000000000,        0.000000000000000,        0.000000000000000,   74631.748308284542873,   74631.748308284542873,       0.000000000000000,       0.500000000000000,         4
  1725943046,     160.121534995807991,    2081.740076480499738,0,       2.206228617752614,       0.000000000000000,       0.850000000000000,       0.850000000000000,       0.850000000000000,       0.850000000000000,       0.850000000000000,       0.850000000000000,       0.850000000000000,       0.850000000000000,       0.000000000000000,       0.000000000000000,       0.000000000000000,       0.000000000000000,       0.000000000000000,       0.000000000000000,       0.793298827230333,       0.793298827230333,       0.835985291504618,       0.835985291504618,       0.000249792457565,       0.000249792457565,       0.000819190439399,       0.000819190439399,                   1,                   1,              1,              1,    2081.740076480499738,    2081.740076480499738,       0.502486220101029,       0.502486220101029,    5461.855051227572403,    5461.855051227572403,       0.009119468599678,       0.009119468599678,       0.000000000038319,       0.000000000038319,      56.912351594343058,      56.912351594343058,      -0.333333333333333,      -0.333333333333333,      -0.333333333333333,      -0.333333333333333,      -0.281254257698058,      -0.281254257698058,      -0.281254257698058,      -0.281254257698058,       0.000000000000000,       0.000000000000000,                         0,                         0,       0.000000000000000,       0.000000000000000,       0.000000000000000,       0.000000000000000,       0.370829315921431,   -1318.438746363692644,       0.008000000000000,       0.008000000000000,         0,       0.000000000000000,       0.000000000000000,       0.000000000000000,       0.000000000000000,       0.000000000000000,       0.000000000000000,       0.000000000000000,       0.000000000000000,        0.000000000000000,        0.000000000000000,   74318.373698085575597,   74318.373698085575597,       0.000000000000000,       0.500000000000000,         2
  1725943046,     160.121534995807991,    2081.740076480499738,0,       2.206228617752614,       0.000000000000000,       0.850000000000000,       0.850000000000000,       0.850000000000000,       0.850000000000000,       0.850000000000000,       0.850000000000000,       0.850000000000000,       0.850000000000000,       0.000000000000000,       0.000000000000000,       0.000000000000000,       0.000000000000000,       0.000000000000000,       0.000000000000000,       0.793298827230333,       0.793298827230333,       0.835985291504618,       0.835985291504618,       0.000249792457565,       0.000249792457565,       0.000819190439399,       0.000819190439399,                   1,                   1,              1,              1,    2081.740076480499738,    2081.740076480499738,       0.502486220101029,       0.502486220101029,    5461.855051227572403,    5461.855051227572403,       0.009119468599678,       0.009119468599678,       0.000000000038319,       0.000000000038319,      56.912351594343058,      56.912351594343058,      -0.333333333333333,      -0.333333333333333,      -0.333333333333333,      -0.333333333333333,      -0.281254257698058,      -0.281254257698058,      -0.281254257698058,      -0.281254257698058,       0.000000000000000,       0.000000000000000,                         0,                         0,       0.000000000000000,       0.000000000000000,       0.000000000000000,       0.000000000000000,       0.370829315921431,   -1318.438746363692644,       0.008000000000000,       0.008000000000000,         0,       0.000000000000000,       0.000000000000000,       0.000000000000000,       0.000000000000000,       0.000000000000000,       0.000000000000000,       0.000000000000000,       0.000000000000000,        0.000000000000000,        0.000000000000000,   74318.373698085575597,   74318.373698085575597,       0.000000000000000,       0.500000000000000,        10
  1725943046,     160.121534995807991,    2081.740076480499738,0,       2.206228617752614,       0.000000000000000,       0.850000000000000,       0.850000000000000,       0.850000000000000,       0.850000000000000,       0.850000000000000,       0.850000000000000,       0.850000000000000,       0.850000000000000,       0.000000000000000,       0.000000000000000,       0.000000000000000,       0.000000000000000,       0.000000000000000,       0.000000000000000,       0.793298827230333,       0.793298827230333,       0.835985291504618,       0.835985291504618,       0.000249792457565,       0.000249792457565,       0.000819190439399,       0.000819190439399,                   1,                   1,              1,              1,    2081.740076480499738,    2081.740076480499738,       0.502486220101029,       0.502486220101029,    5461.855051227572403,    5461.855051227572403,       0.009119468599678,       0.009119468599678,       0.000000000038319,       0.000000000038319,      56.912351594343058,      56.912351594343058,      -0.333333333333333,      -0.333333333333333,      -0.333333333333333,      -0.333333333333333,      -0.281254257698058,      -0.281254257698058,      -0.281254257698058,      -0.281254257698058,       0.000000000000000,       0.000000000000000,                         0,                         0,       0.000000000000000,       0.000000000000000,       0.000000000000000,       0.000000000000000,       0.370829315921431,   -1318.438746363692644,       0.008000000000000,       0.008000000000000,         0,       0.000000000000000,       0.000000000000000,       0.000000000000000,       0.000000000000000,       0.000000000000000,       0.000000000000000,       0.000000000000000,       0.000000000000000,        0.000000000000000,        0.000000000000000,   74318.373698085575597,   74318.373698085575597,       0.000000000000000,       0.500000000000000,        11
  1725943046,     160.121534995807991,    2081.740076480499738,0,       2.206228617752614,       0.000000000000000,       0.850000000000000,       0.850000000000000,       0.850000000000000,       0.850000000000000,       0.850000000000000,       0.850000000000000,       0.850000000000000,       0.850000000000000,       0.000000000000000,       0.000000000000000,       0.000000000000000,       0.000000000000000,       0.000000000000000,       0.000000000000000,       0.793298827230333,       0.793298827230333,       0.835985291504618,       0.835985291504618,       0.000249792457565,       0.000249792457565,       0.000819190439399,       0.000819190439399,                   1,                   1,              1,              1,    2081.740076480499738,    2081.740076480499738,       0.502486220101029,       0.502486220101029,    5461.855051227572403,    5461.855051227572403,       0.009119468599678,       0.009119468599678,       0.000000000038319,       0.000000000038319,      56.912351594343058,      56.912351594343058,      -0.333333333333333,      -0.333333333333333,      -0.333333333333333,      -0.333333333333333,      -0.281254257698058,      -0.281254257698058,      -0.281254257698058,      -0.281254257698058,       0.000000000000000,       0.000000000000000,                         0,                         0,       0.000000000000000,       0.000000000000000,       0.000000000000000,       0.000000000000000,       0.370907655508544,   -1318.129976738581945,       0.008000000000000,       0.008000000000000,         0,       0.000000000000000,       0.000000000000000,       0.000000000000000,       0.000000000000000,       0.000000000000000,       0.000000000000000,       0.000000000000000,       0.000000000000000,        0.000000000000000,        0.000000000000000,   74318.373698085575597,   74318.373698085575597,       0.000000000000000,       0.500000000000000,        14
  1725943046,     160.121534995807991,    2081.740076480499738,0,       2.206228617752614,       0.000000000000000,       0.850000000000000,       0.850000000000000,       0.850000000000000,       0.850000000000000,       0.850000000000000,       0.850000000000000,       0.850000000000000,       0.850000000000000,       0.000000000000000,       0.000000000000000,       0.000000000000000,       0.000000000000000,       0.000000000000000,       0.000000000000000,       0.793298827230333,       0.793298827230333,       0.835985291504618,       0.835985291504618,       0.000249792457565,       0.000249792457565,       0.000819190439399,       0.000819190439399,                   1,                   1,              1,              1,    2081.740076480499738,    2081.740076480499738,       0.502486220101029,       0.502486220101029,    5461.855051227572403,    5461.855051227572403,       0.009119468599678,       0.009119468599678,       0.000000000038319,       0.000000000038319,      56.912351594343058,      56.912351594343058,      -0.333333333333333,      -0.333333333333333,      -0.333333333333333,      -0.333333333333333,      -0.281254257698058,      -0.281254257698058,      -0.281254257698058,      -0.281254257698058,       0.000000000000000,       0.000000000000000,                         0,                         0,       0.000000000000000,       0.000000000000000,       0.000000000000000,       0.000000000000000,       0.370907655508544,   -1318.129976738581945,       0.008000000000000,       0.008000000000000,         0,       0.000000000000000,       0.000000000000000,       0.000000000000000,       0.000000000000000,       0.000000000000000,       0.000000000000000,       0.000000000000000,       0.000000000000000,        0.000000000000000,        0.000000000000000,   74318.373698085575597,   74318.373698085575597,       0.000000000000000,       0.500000000000000,         3
  1725943046,     160.121534995807991,    2081.740076480499738,0,       2.206228617752614,       0.000000000000000,       0.850000000000000,       0.850000000000000,       0.850000000000000,       0.850000000000000,       0.850000000000000,       0.850000000000000,       0.850000000000000,       0.850000000000000,       0.000000000000000,       0.000000000000000,       0.000000000000000,       0.000000000000000,       0.000000000000000,       0.000000000000000,       0.793298827230333,       0.793298827230333,       0.835985291504618,       0.835985291504618,       0.000249792457565,       0.000249792457565,       0.000819190439399,       0.000819190439399,                   1,                   1,              1,              1,    2081.740076480499738,    2081.740076480499738,       0.502486220101029,       0.502486220101029,    5461.855051227572403,    5461.855051227572403,       0.009119468599678,       0.009119468599678,       0.000000000038319,       0.000000000038319,      56.912351594343058,      56.912351594343058,      -0.333333333333333,      -0.333333333333333,      -0.333333333333333,      -0.333333333333333,      -0.281254257698058,      -0.281254257698058,      -0.281254257698058,      -0.281254257698058,       0.000000000000000,       0.000000000000000,                         0,                         0,       0.000000000000000,       0.000000000000000,       0.000000000000000,       0.000000000000000,       0.370907655508544,   -1318.129976738581945,       0.008000000000000,       0.008000000000000,         0,       0.000000000000000,       0.000000000000000,       0.000000000000000,       0.000000000000000,       0.000000000000000,       0.000000000000000,       0.000000000000000,       0.000000000000000,        0.000000000000000,        0.000000000000000,   74318.373698085575597,   74318.373698085575597,       0.000000000000000,       0.500000000000000,         4
  1725943046,     160.121534995807991,    2241.861611476307644,0,       2.206228617752614,       0.000000000000000,       0.850000000000000,       0.850000000000000,       0.850000000000000,       0.850000000000000,       0.850000000000000,       0.850000000000000,       0.850000000000000,       0.850000000000000,       0.000000000000000,       0.000000000000000,       0.000000000000000,       0.000000000000000,       0.000000000000000,       0.000000000000000,       0.795015792214773,       0.795015792214773,       0.835985291504618,       0.835985291504618,       0.000249792457565,       0.000249792457565,       0.000816538111664,       0.000816538111664,                   1,                   1,              1,              1,    2241.861611476307644,    2241.861611476307644,       0.506323946454466,       0.506323946454466,    5466.341709749142865,    5466.341709749142865,       0.009158986501636,       0.009158986501636,       0.000000000038444,       0.000000000038444,      56.358999683678498,      56.358999683678498,      -0.333333333333333,      -0.333333333333333,      -0.333333333333333,      -0.333333333333333,      -0.281254257698058,      -0.281254257698058,      -0.281254257698058,      -0.281254257698058,       0.000000000000000,       0.000000000000000,                         0,                         0,       0.000000000000000,       0.000000000000000,       0.000000000000000,       0.000000000000000,       0.370907655508544,   -1318.129976738581945,       0.008000000000000,       0.008000000000000,         0,       0.000000000000000,       0.000000000000000,       0.000000000000000,       0.000000000000000,       0.000000000000000,       0.000000000000000,       0.000000000000000,       0.000000000000000,        0.000000000000000,        0.000000000000000,   73981.838347130062175,   73981.838347130062175,       0.000000000000000,       0.500000000000000,         2
  1725943046,     160.121534995807991,    2241.861611476307644,0,       2.206228617752614,       0.000000000000000,       0.850000000000000,       0.850000000000000,       0.850000000000000,       0.850000000000000,       0.850000000000000,       0.850000000000000,       0.850000000000000,       0.850000000000000,       0.000000000000000,       0.000000000000000,       0.000000000000000,       0.000000000000000,       0.000000000000000,       0.000000000000000,       0.795015792214773,       0.795015792214773,       0.835985291504618,       0.835985291504618,       0.000249792457565,       0.000249792457565,       0.000816538111664,       0.000816538111664,                   1,                   1,              1,              1,    2241.861611476307644,    2241.861611476307644,       0.506323946454466,       0.506323946454466,    5466.341709749142865,    5466.341709749142865,       0.009158986501636,       0.009158986501636,       0.000000000038444,       0.000000000038444,      56.358999683678498,      56.358999683678498,      -0.333333333333333,      -0.333333333333333,      -0.333333333333333,      -0.333333333333333,      -0.281254257698058,      -0.281254257698058,      -0.281254257698058,      -0.281254257698058,       0.000000000000000,       0.000000000000000,                         0,                         0,       0.000000000000000,       0.000000000000000,       0.000000000000000,       0.000000000000000,       0.370907655508544,   -1318.129976738581945,       0.008000000000000,       0.008000000000000,         0,       0.000000000000000,       0.000000000000000,       0.000000000000000,       0.000000000000000,       0.000000000000000,       0.000000000000000,       0.000000000000000,       0.000000000000000,        0.000000000000000,        0.000000000000000,   73981.838347130062175,   73981.838347130062175,       0.000000000000000,       0.500000000000000,        10
  1725943046,     160.121534995807991,    2241.861611476307644,0,       2.206228617752614,       0.000000000000000,       0.850000000000000,       0.850000000000000,       0.850000000000000,       0.850000000000000,       0.850000000000000,       0.850000000000000,       0.850000000000000,       0.850000000000000,       0.000000000000000,       0.000000000000000,       0.000000000000000,       0.000000000000000,       0.000000000000000,       0.000000000000000,       0.795015792214773,       0.795015792214773,       0.835985291504618,       0.835985291504618,       0.000249792457565,       0.000249792457565,       0.000816538111664,       0.000816538111664,                   1,                   1,              1,              1,    2241.861611476307644,    2241.861611476307644,       0.506323946454466,       0.506323946454466,    5466.341709749142865,    5466.341709749142865,       0.009158986501636,       0.009158986501636,       0.000000000038444,       0.000000000038444,      56.358999683678498,      56.358999683678498,      -0.333333333333333,      -0.333333333333333,      -0.333333333333333,      -0.333333333333333,      -0.281254257698058,      -0.281254257698058,      -0.281254257698058,      -0.281254257698058,       0.000000000000000,       0.000000000000000,                         0,                         0,       0.000000000000000,       0.000000000000000,       0.000000000000000,       0.000000000000000,       0.370907655508544,   -1318.129976738581945,       0.008000000000000,       0.008000000000000,         0,       0.000000000000000,       0.000000000000000,       0.000000000000000,       0.000000000000000,       0.000000000000000,       0.000000000000000,       0.000000000000000,       0.000000000000000,        0.000000000000000,        0.000000000000000,   73981.838347130062175,   73981.838347130062175,       0.000000000000000,       0.500000000000000,        11
  1725943046,     160.121534995807991,    2241.861611476307644,0,       2.206228617752614,       0.000000000000000,       0.850000000000000,       0.850000000000000,       0.850000000000000,       0.850000000000000,       0.850000000000000,       0.850000000000000,       0.850000000000000,       0.850000000000000,       0.000000000000000,       0.000000000000000,       0.000000000000000,       0.000000000000000,       0.000000000000000,       0.000000000000000,       0.795015792214773,       0.795015792214773,       0.835985291504618,       0.835985291504618,       0.000249792457565,       0.000249792457565,       0.000816538111664,       0.000816538111664,                   1,                   1,              1,              1,    2241.861611476307644,    2241.861611476307644,       0.506323946454466,       0.506323946454466,    5466.341709749142865,    5466.341709749142865,       0.009158986501636,       0.009158986501636,       0.000000000038444,       0.000000000038444,      56.358999683678498,      56.358999683678498,      -0.333333333333333,      -0.333333333333333,      -0.333333333333333,      -0.333333333333333,      -0.281254257698058,      -0.281254257698058,      -0.281254257698058,      -0.281254257698058,       0.000000000000000,       0.000000000000000,                         0,                         0,       0.000000000000000,       0.000000000000000,       0.000000000000000,       0.000000000000000,       0.370986691312461,   -1317.818463026995005,       0.008000000000000,       0.008000000000000,         0,       0.000000000000000,       0.000000000000000,       0.000000000000000,       0.000000000000000,       0.000000000000000,       0.000000000000000,       0.000000000000000,       0.000000000000000,        0.000000000000000,        0.000000000000000,   73981.838347130062175,   73981.838347130062175,       0.000000000000000,       0.500000000000000,        14
  1725943046,     160.121534995807991,    2241.861611476307644,0,       2.206228617752614,       0.000000000000000,       0.850000000000000,       0.850000000000000,       0.850000000000000,       0.850000000000000,       0.850000000000000,       0.850000000000000,       0.850000000000000,       0.850000000000000,       0.000000000000000,       0.000000000000000,       0.000000000000000,       0.000000000000000,       0.000000000000000,       0.000000000000000,       0.795015792214773,       0.795015792214773,       0.835985291504618,       0.835985291504618,       0.000249792457565,       0.000249792457565,       0.000816538111664,       0.000816538111664,                   1,                   1,              1,              1,    2241.861611476307644,    2241.861611476307644,       0.506323946454466,       0.506323946454466,    5466.341709749142865,    5466.341709749142865,       0.009158986501636,       0.009158986501636,       0.000000000038444,       0.000000000038444,      56.358999683678498,      56.358999683678498,      -0.333333333333333,      -0.333333333333333,      -0.333333333333333,      -0.333333333333333,      -0.281254257698058,      -0.281254257698058,      -0.281254257698058,      -0.281254257698058,       0.000000000000000,       0.000000000000000,                         0,                         0,       0.000000000000000,       0.000000000000000,       0.000000000000000,       0.000000000000000,       0.370986691312461,   -1317.818463026995005,       0.008000000000000,       0.008000000000000,         0,       0.000000000000000,       0.000000000000000,       0.000000000000000,       0.000000000000000,       0.000000000000000,       0.000000000000000,       0.000000000000000,       0.000000000000000,        0.000000000000000,        0.000000000000000,   73981.838347130062175,   73981.838347130062175,       0.000000000000000,       0.500000000000000,         3
  1725943046,     160.121534995807991,    2241.861611476307644,0,       2.206228617752614,       0.000000000000000,       0.850000000000000,       0.850000000000000,       0.850000000000000,       0.850000000000000,       0.850000000000000,       0.850000000000000,       0.850000000000000,       0.850000000000000,       0.000000000000000,       0.000000000000000,       0.000000000000000,       0.000000000000000,       0.000000000000000,       0.000000000000000,       0.795015792214773,       0.795015792214773,       0.835985291504618,       0.835985291504618,       0.000249792457565,       0.000249792457565,       0.000816538111664,       0.000816538111664,                   1,                   1,              1,              1,    2241.861611476307644,    2241.861611476307644,       0.506323946454466,       0.506323946454466,    5466.341709749142865,    5466.341709749142865,       0.009158986501636,       0.009158986501636,       0.000000000038444,       0.000000000038444,      56.358999683678498,      56.358999683678498,      -0.333333333333333,      -0.333333333333333,      -0.333333333333333,      -0.333333333333333,      -0.281254257698058,      -0.281254257698058,      -0.281254257698058,      -0.281254257698058,       0.000000000000000,       0.000000000000000,                         0,                         0,       0.000000000000000,       0.000000000000000,       0.000000000000000,       0.000000000000000,       0.370986691312461,   -1317.818463026995005,       0.008000000000000,       0.008000000000000,         0,       0.000000000000000,       0.000000000000000,       0.000000000000000,       0.000000000000000,       0.000000000000000,       0.000000000000000,       0.000000000000000,       0.000000000000000,        0.000000000000000,        0.000000000000000,   73981.838347130062175,   73981.838347130062175,       0.000000000000000,       0.500000000000000,         4
  1725943046,     160.121534995807991,    2401.983146472115550,0,       2.206228617752614,       0.000000000000000,       0.850000000000000,       0.850000000000000,       0.850000000000000,       0.850000000000000,       0.850000000000000,       0.850000000000000,       0.850000000000000,       0.850000000000000,       0.000000000000000,       0.000000000000000,       0.000000000000000,       0.000000000000000,       0.000000000000000,       0.000000000000000,       0.796744864500036,       0.796744864500036,       0.835985291504618,       0.835985291504618,       0.000249792457565,       0.000249792457565,       0.000813881513773,       0.000813881513773,                   1,                   1,              1,              1,    2401.983146472115550,    2401.983146472115550,       0.510235563385324,       0.510235563385324,    5470.922749299958923,    5470.922749299958923,       0.009198869410270,       0.009198869410270,       0.000000000038569,       0.000000000038569,      55.805563911665658,      55.805563911665658,      -0.333333333333333,      -0.333333333333333,      -0.333333333333333,      -0.333333333333333,      -0.281254257698058,      -0.281254257698058,      -0.281254257698058,      -0.281254257698058,       0.000000000000000,       0.000000000000000,                         0,                         0,       0.000000000000000,       0.000000000000000,       0.000000000000000,       0.000000000000000,       0.370986691312461,   -1317.818463026995005,       0.008000000000000,       0.008000000000000,         0,       0.000000000000000,       0.000000000000000,       0.000000000000000,       0.000000000000000,       0.000000000000000,       0.000000000000000,       0.000000000000000,       0.000000000000000,        0.000000000000000,        0.000000000000000,   73622.803442219257704,   73622.803442219257704,       0.000000000000000,       0.500000000000000,         2
  1725943046,     160.121534995807991,    2401.983146472115550,0,       2.206228617752614,       0.000000000000000,       0.850000000000000,       0.850000000000000,       0.850000000000000,       0.850000000000000,       0.850000000000000,       0.850000000000000,       0.850000000000000,       0.850000000000000,       0.000000000000000,       0.000000000000000,       0.000000000000000,       0.000000000000000,       0.000000000000000,       0.000000000000000,       0.796744864500036,       0.796744864500036,       0.835985291504618,       0.835985291504618,       0.000249792457565,       0.000249792457565,       0.000813881513773,       0.000813881513773,                   1,                   1,              1,              1,    2401.983146472115550,    2401.983146472115550,       0.510235563385324,       0.510235563385324,    5470.922749299958923,    5470.922749299958923,       0.009198869410270,       0.009198869410270,       0.000000000038569,       0.000000000038569,      55.805563911665658,      55.805563911665658,      -0.333333333333333,      -0.333333333333333,      -0.333333333333333,      -0.333333333333333,      -0.281254257698058,      -0.281254257698058,      -0.281254257698058,      -0.281254257698058,       0.000000000000000,       0.000000000000000,                         0,                         0,       0.000000000000000,       0.000000000000000,       0.000000000000000,       0.000000000000000,       0.370986691312461,   -1317.818463026995005,       0.008000000000000,       0.008000000000000,         0,       0.000000000000000,       0.000000000000000,       0.000000000000000,       0.000000000000000,       0.000000000000000,       0.000000000000000,       0.000000000000000,       0.000000000000000,        0.000000000000000,        0.000000000000000,   73622.803442219257704,   73622.803442219257704,       0.000000000000000,       0.500000000000000,        10
  1725943046,     160.121534995807991,    2401.983146472115550,0,       2.206228617752614,       0.000000000000000,       0.850000000000000,       0.850000000000000,       0.850000000000000,       0.850000000000000,       0.850000000000000,       0.850000000000000,       0.850000000000000,       0.850000000000000,       0.000000000000000,       0.000000000000000,       0.000000000000000,       0.000000000000000,       0.000000000000000,       0.000000000000000,       0.796744864500036,       0.796744864500036,       0.835985291504618,       0.835985291504618,       0.000249792457565,       0.000249792457565,       0.000813881513773,       0.000813881513773,                   1,                   1,              1,              1,    2401.983146472115550,    2401.983146472115550,       0.510235563385324,       0.510235563385324,    5470.922749299958923,    5470.922749299958923,       0.009198869410270,       0.009198869410270,       0.000000000038569,       0.000000000038569,      55.805563911665658,      55.805563911665658,      -0.333333333333333,      -0.333333333333333,      -0.333333333333333,      -0.333333333333333,      -0.281254257698058,      -0.281254257698058,      -0.281254257698058,      -0.281254257698058,       0.000000000000000,       0.000000000000000,                         0,                         0,       0.000000000000000,       0.000000000000000,       0.000000000000000,       0.000000000000000,       0.370986691312461,   -1317.818463026995005,       0.008000000000000,       0.008000000000000,         0,       0.000000000000000,       0.000000000000000,       0.000000000000000,       0.000000000000000,       0.000000000000000,       0.000000000000000,       0.000000000000000,       0.000000000000000,        0.000000000000000,        0.000000000000000,   73622.803442219257704,   73622.803442219257704,       0.000000000000000,       0.500000000000000,        11
  1725943046,     160.121534995807991,    2401.983146472115550,0,       2.206228617752614,       0.000000000000000,       0.850000000000000,       0.850000000000000,       0.850000000000000,       0.850000000000000,       0.850000000000000,       0.850000000000000,       0.850000000000000,       0.850000000000000,       0.000000000000000,       0.000000000000000,       0.000000000000000,       0.000000000000000,       0.000000000000000,       0.000000000000000,       0.796744864500036,       0.796744864500036,       0.835985291504618,       0.835985291504618,       0.000249792457565,       0.000249792457565,       0.000813881513773,       0.000813881513773,                   1,                   1,              1,              1,    2401.983146472115550,    2401.983146472115550,       0.510235563385324,       0.510235563385324,    5470.922749299958923,    5470.922749299958923,       0.009198869410270,       0.009198869410270,       0.000000000038569,       0.000000000038569,      55.805563911665658,      55.805563911665658,      -0.333333333333333,      -0.333333333333333,      -0.333333333333333,      -0.333333333333333,      -0.281254257698058,      -0.281254257698058,      -0.281254257698058,      -0.281254257698058,       0.000000000000000,       0.000000000000000,                         0,                         0,       0.000000000000000,       0.000000000000000,       0.000000000000000,       0.000000000000000,       0.371066457129729,   -1317.504072022368291,       0.008000000000000,       0.008000000000000,         0,       0.000000000000000,       0.000000000000000,       0.000000000000000,       0.000000000000000,       0.000000000000000,       0.000000000000000,       0.000000000000000,       0.000000000000000,        0.000000000000000,        0.000000000000000,   73622.803442219257704,   73622.803442219257704,       0.000000000000000,       0.500000000000000,        14
  1725943046,     160.121534995807991,    2401.983146472115550,0,       2.206228617752614,       0.000000000000000,       0.850000000000000,       0.850000000000000,       0.850000000000000,       0.850000000000000,       0.850000000000000,       0.850000000000000,       0.850000000000000,       0.850000000000000,       0.000000000000000,       0.000000000000000,       0.000000000000000,       0.000000000000000,       0.000000000000000,       0.000000000000000,       0.796744864500036,       0.796744864500036,       0.835985291504618,       0.835985291504618,       0.000249792457565,       0.000249792457565,       0.000813881513773,       0.000813881513773,                   1,                   1,              1,              1,    2401.983146472115550,    2401.983146472115550,       0.510235563385324,       0.510235563385324,    5470.922749299958923,    5470.922749299958923,       0.009198869410270,       0.009198869410270,       0.000000000038569,       0.000000000038569,      55.805563911665658,      55.805563911665658,      -0.333333333333333,      -0.333333333333333,      -0.333333333333333,      -0.333333333333333,      -0.281254257698058,      -0.281254257698058,      -0.281254257698058,      -0.281254257698058,       0.000000000000000,       0.000000000000000,                         0,                         0,       0.000000000000000,       0.000000000000000,       0.000000000000000,       0.000000000000000,       0.371066457129729,   -1317.504072022368291,       0.008000000000000,       0.008000000000000,         0,       0.000000000000000,       0.000000000000000,       0.000000000000000,       0.000000000000000,       0.000000000000000,       0.000000000000000,       0.000000000000000,       0.000000000000000,        0.000000000000000,        0.000000000000000,   73622.803442219257704,   73622.803442219257704,       0.000000000000000,       0.500000000000000,         3
  1725943046,     160.121534995807991,    2401.983146472115550,0,       2.206228617752614,       0.000000000000000,       0.850000000000000,       0.850000000000000,       0.850000000000000,       0.850000000000000,       0.850000000000000,       0.850000000000000,       0.850000000000000,       0.850000000000000,       0.000000000000000,       0.000000000000000,       0.000000000000000,       0.000000000000000,       0.000000000000000,       0.000000000000000,       0.796744864500036,       0.796744864500036,       0.835985291504618,       0.835985291504618,       0.000249792457565,       0.000249792457565,       0.000813881513773,       0.000813881513773,                   1,                   1,              1,              1,    2401.983146472115550,    2401.983146472115550,       0.510235563385324,       0.510235563385324,    5470.922749299958923,    5470.922749299958923,       0.009198869410270,       0.009198869410270,       0.000000000038569,       0.000000000038569,      55.805563911665658,      55.805563911665658,      -0.333333333333333,      -0.333333333333333,      -0.333333333333333,      -0.333333333333333,      -0.281254257698058,      -0.281254257698058,      -0.281254257698058,      -0.281254257698058,       0.000000000000000,       0.000000000000000,                         0,                         0,       0.000000000000000,       0.000000000000000,       0.000000000000000,       0.000000000000000,       0.371066457129729,   -1317.504072022368291,       0.008000000000000,       0.008000000000000,         0,       0.000000000000000,       0.000000000000000,       0.000000000000000,       0.000000000000000,       0.000000000000000,       0.000000000000000,       0.000000000000000,       0.000000000000000,        0.000000000000000,        0.000000000000000,   73622.803442219257704,   73622.803442219257704,       0.000000000000000,       0.500000000000000,         4
  1725943046,     160.121534995807991,    2562.104681467923456,0,       2.206228617752614,       0.000000000000000,       0.850000000000000,       0.850000000000000,       0.850000000000000,       0.850000000000000,       0.850000000000000,       0.850000000000000,       0.850000000000000,       0.850000000000000,       0.000000000000000,       0.000000000000000,       0.000000000000000,       0.000000000000000,       0.000000000000000,       0.000000000000000,       0.798486707620628,       0.798486707620628,       0.835985291504618,       0.835985291504618,       0.000249792457565,       0.000249792457565,       0.000811219827938,       0.000811219827938,                   1,                   1,              1,              1,    2562.104681467923456,    2562.104681467923456,       0.514222328122083,       0.514222328122083,    5475.596341562674752,    5475.596341562674752,       0.009239134500983,       0.009239134500983,       0.000000000038696,       0.000000000038696,      55.252111349264098,      55.252111349264098,      -0.333333333333333,      -0.333333333333333,      -0.333333333333333,      -0.333333333333333,      -0.281254257698058,      -0.281254257698058,      -0.281254257698058,      -0.281254257698058,       0.000000000000000,       0.000000000000000,                         0,                         0,       0.000000000000000,       0.000000000000000,       0.000000000000000,       0.000000000000000,       0.371066457129729,   -1317.504072022368291,       0.008000000000000,       0.008000000000000,         0,       0.000000000000000,       0.000000000000000,       0.000000000000000,       0.000000000000000,       0.000000000000000,       0.000000000000000,       0.000000000000000,       0.000000000000000,        0.000000000000000,        0.000000000000000,   73241.963754144540871,   73241.963754144540871,       0.000000000000000,       0.500000000000000,         2
  1725943046,     160.121534995807991,    2562.104681467923456,0,       2.206228617752614,       0.000000000000000,       0.850000000000000,       0.850000000000000,       0.850000000000000,       0.850000000000000,       0.850000000000000,       0.850000000000000,       0.850000000000000,       0.850000000000000,       0.000000000000000,       0.000000000000000,       0.000000000000000,       0.000000000000000,       0.000000000000000,       0.000000000000000,       0.798486707620628,       0.798486707620628,       0.835985291504618,       0.835985291504618,       0.000249792457565,       0.000249792457565,       0.000811219827938,       0.000811219827938,                   1,                   1,              1,              1,    2562.104681467923456,    2562.104681467923456,       0.514222328122083,       0.514222328122083,    5475.596341562674752,    5475.596341562674752,       0.009239134500983,       0.009239134500983,       0.000000000038696,       0.000000000038696,      55.252111349264098,      55.252111349264098,      -0.333333333333333,      -0.333333333333333,      -0.333333333333333,      -0.333333333333333,      -0.281254257698058,      -0.281254257698058,      -0.281254257698058,      -0.281254257698058,       0.000000000000000,       0.000000000000000,                         0,                         0,       0.000000000000000,       0.000000000000000,       0.000000000000000,       0.000000000000000,       0.371066457129729,   -1317.504072022368291,       0.008000000000000,       0.008000000000000,         0,       0.000000000000000,       0.000000000000000,       0.000000000000000,       0.000000000000000,       0.000000000000000,       0.000000000000000,       0.000000000000000,       0.000000000000000,        0.000000000000000,        0.000000000000000,   73241.963754144540871,   73241.963754144540871,       0.000000000000000,       0.500000000000000,        10
  1725943046,     160.121534995807991,    2562.104681467923456,0,       2.206228617752614,       0.000000000000000,       0.850000000000000,       0.850000000000000,       0.850000000000000,       0.850000000000000,       0.850000000000000,       0.850000000000000,       0.850000000000000,       0.850000000000000,       0.000000000000000,       0.000000000000000,       0.000000000000000,       0.000000000000000,       0.000000000000000,       0.000000000000000,       0.798486707620628,       0.798486707620628,       0.835985291504618,       0.835985291504618,       0.000249792457565,       0.000249792457565,       0.000811219827938,       0.000811219827938,                   1,                   1,              1,              1,    2562.104681467923456,    2562.104681467923456,       0.514222328122083,       0.514222328122083,    5475.596341562674752,    5475.596341562674752,       0.009239134500983,       0.009239134500983,       0.000000000038696,       0.000000000038696,      55.252111349264098,      55.252111349264098,      -0.333333333333333,      -0.333333333333333,      -0.333333333333333,      -0.333333333333333,      -0.281254257698058,      -0.281254257698058,      -0.281254257698058,      -0.281254257698058,       0.000000000000000,       0.000000000000000,                         0,                         0,       0.000000000000000,       0.000000000000000,       0.000000000000000,       0.000000000000000,       0.371066457129729,   -1317.504072022368291,       0.008000000000000,       0.008000000000000,         0,       0.000000000000000,       0.000000000000000,       0.000000000000000,       0.000000000000000,       0.000000000000000,       0.000000000000000,       0.000000000000000,       0.000000000000000,        0.000000000000000,        0.000000000000000,   73241.963754144540871,   73241.963754144540871,       0.000000000000000,       0.500000000000000,        11
  1725943046,     160.121534995807991,    2562.104681467923456,0,       2.206228617752614,       0.000000000000000,       0.850000000000000,       0.850000000000000,       0.850000000000000,       0.850000000000000,       0.850000000000000,       0.850000000000000,       0.850000000000000,       0.850000000000000,       0.000000000000000,       0.000000000000000,       0.000000000000000,       0.000000000000000,       0.000000000000000,       0.000000000000000,       0.798486707620628,       0.798486707620628,       0.835985291504618,       0.835985291504618,       0.000249792457565,       0.000249792457565,       0.000811219827938,       0.000811219827938,                   1,                   1,              1,              1,    2562.104681467923456,    2562.104681467923456,       0.514222328122083,       0.514222328122083,    5475.596341562674752,    5475.596341562674752,       0.009239134500983,       0.009239134500983,       0.000000000038696,       0.000000000038696,      55.252111349264098,      55.252111349264098,      -0.333333333333333,      -0.333333333333333,      -0.333333333333333,      -0.333333333333333,      -0.281254257698058,      -0.281254257698058,      -0.281254257698058,      -0.281254257698058,       0.000000000000000,       0.000000000000000,                         0,                         0,       0.000000000000000,       0.000000000000000,       0.000000000000000,       0.000000000000000,       0.371146987311155,   -1317.186668333568150,       0.008000000000000,       0.008000000000000,         0,       0.000000000000000,       0.000000000000000,       0.000000000000000,       0.000000000000000,       0.000000000000000,       0.000000000000000,       0.000000000000000,       0.000000000000000,        0.000000000000000,        0.000000000000000,   73241.963754144540871,   73241.963754144540871,       0.000000000000000,       0.500000000000000,        14
  1725943046,     160.121534995807991,    2562.104681467923456,0,       2.206228617752614,       0.000000000000000,       0.850000000000000,       0.850000000000000,       0.850000000000000,       0.850000000000000,       0.850000000000000,       0.850000000000000,       0.850000000000000,       0.850000000000000,       0.000000000000000,       0.000000000000000,       0.000000000000000,       0.000000000000000,       0.000000000000000,       0.000000000000000,       0.798486707620628,       0.798486707620628,       0.835985291504618,       0.835985291504618,       0.000249792457565,       0.000249792457565,       0.000811219827938,       0.000811219827938,                   1,                   1,              1,              1,    2562.104681467923456,    2562.104681467923456,       0.514222328122083,       0.514222328122083,    5475.596341562674752,    5475.596341562674752,       0.009239134500983,       0.009239134500983,       0.000000000038696,       0.000000000038696,      55.252111349264098,      55.252111349264098,      -0.333333333333333,      -0.333333333333333,      -0.333333333333333,      -0.333333333333333,      -0.281254257698058,      -0.281254257698058,      -0.281254257698058,      -0.281254257698058,       0.000000000000000,       0.000000000000000,                         0,                         0,       0.000000000000000,       0.000000000000000,       0.000000000000000,       0.000000000000000,       0.371146987311155,   -1317.186668333568150,       0.008000000000000,       0.008000000000000,         0,       0.000000000000000,       0.000000000000000,       0.000000000000000,       0.000000000000000,       0.000000000000000,       0.000000000000000,       0.000000000000000,       0.000000000000000,        0.000000000000000,        0.000000000000000,   73241.963754144540871,   73241.963754144540871,       0.000000000000000,       0.500000000000000,         3
  1725943046,     160.121534995807991,    2562.104681467923456,0,       2.206228617752614,       0.000000000000000,       0.850000000000000,       0.850000000000000,       0.850000000000000,       0.850000000000000,       0.850000000000000,       0.850000000000000,       0.850000000000000,       0.850000000000000,       0.000000000000000,       0.000000000000000,       0.000000000000000,       0.000000000000000,       0.000000000000000,       0.000000000000000,       0.798486707620628,       0.798486707620628,       0.835985291504618,       0.835985291504618,       0.000249792457565,       0.000249792457565,       0.000811219827938,       0.000811219827938,                   1,                   1,              1,              1,    2562.104681467923456,    2562.104681467923456,       0.514222328122083,       0.514222328122083,    5475.596341562674752,    5475.596341562674752,       0.009239134500983,       0.009239134500983,       0.000000000038696,       0.000000000038696,      55.252111349264098,      55.252111349264098,      -0.333333333333333,      -0.333333333333333,      -0.333333333333333,      -0.333333333333333,      -0.281254257698058,      -0.281254257698058,      -0.281254257698058,      -0.281254257698058,       0.000000000000000,       0.000000000000000,                         0,                         0,       0.000000000000000,       0.000000000000000,       0.000000000000000,       0.000000000000000,       0.371146987311155,   -1317.186668333568150,       0.008000000000000,       0.008000000000000,         0,       0.000000000000000,       0.000000000000000,       0.000000000000000,       0.000000000000000,       0.000000000000000,       0.000000000000000,       0.000000000000000,       0.000000000000000,        0.000000000000000,        0.000000000000000,   73241.963754144540871,   73241.963754144540871,       0.000000000000000,       0.500000000000000,         4
  1725943046,     160.121534995807991,    2722.226216463731362,0,       2.206228617752614,       0.000000000000000,       0.850000000000000,       0.850000000000000,       0.850000000000000,       0.850000000000000,       0.850000000000000,       0.850000000000000,       0.850000000000000,       0.850000000000000,       0.000000000000000,       0.000000000000000,       0.000000000000000,       0.000000000000000,       0.000000000000000,       0.000000000000000,       0.800241990977442,       0.800241990977442,       0.835985291504618,       0.835985291504618,       0.000249792457565,       0.000249792457565,       0.000808552248184,       0.000808552248184,                   1,                   1,              1,              1,    2722.226216463731362,    2722.226216463731362,       0.518285527534475,       0.518285527534475,    5480.360655976042835,    5480.360655976042835,       0.009279799232921,       0.009279799232921,       0.000000000038823,       0.000000000038823,      54.698709639539103,      54.698709639539103,      -0.333333333333333,      -0.333333333333333,      -0.333333333333333,      -0.333333333333333,      -0.281254257698058,      -0.281254257698058,      -0.281254257698058,      -0.281254257698058,       0.000000000000000,       0.000000000000000,                         0,                         0,       0.000000000000000,       0.000000000000000,       0.000000000000000,       0.000000000000000,       0.371146987311155,   -1317.186668333568150,       0.008000000000000,       0.008000000000000,         0,       0.000000000000000,       0.000000000000000,       0.000000000000000,       0.000000000000000,       0.000000000000000,       0.000000000000000,       0.000000000000000,       0.000000000000000,        0.000000000000000,        0.000000000000000,   72840.044202355551533,   72840.044202355551533,       0.000000000000000,       0.500000000000000,         2
  1725943046,     160.121534995807991,    2722.226216463731362,0,       2.206228617752614,       0.000000000000000,       0.850000000000000,       0.850000000000000,       0.850000000000000,       0.850000000000000,       0.850000000000000,       0.850000000000000,       0.850000000000000,       0.850000000000000,       0.000000000000000,       0.000000000000000,       0.000000000000000,       0.000000000000000,       0.000000000000000,       0.000000000000000,       0.800241990977442,       0.800241990977442,       0.835985291504618,       0.835985291504618,       0.000249792457565,       0.000249792457565,       0.000808552248184,       0.000808552248184,                   1,                   1,              1,              1,    2722.226216463731362,    2722.226216463731362,       0.518285527534475,       0.518285527534475,    5480.360655976042835,    5480.360655976042835,       0.009279799232921,       0.009279799232921,       0.000000000038823,       0.000000000038823,      54.698709639539103,      54.698709639539103,      -0.333333333333333,      -0.333333333333333,      -0.333333333333333,      -0.333333333333333,      -0.281254257698058,      -0.281254257698058,      -0.281254257698058,      -0.281254257698058,       0.000000000000000,       0.000000000000000,                         0,                         0,       0.000000000000000,       0.000000000000000,       0.000000000000000,       0.000000000000000,       0.371146987311155,   -1317.186668333568150,       0.008000000000000,       0.008000000000000,         0,       0.000000000000000,       0.000000000000000,       0.000000000000000,       0.000000000000000,       0.000000000000000,       0.000000000000000,       0.000000000000000,       0.000000000000000,        0.000000000000000,        0.000000000000000,   72840.044202355551533,   72840.044202355551533,       0.000000000000000,       0.500000000000000,        10
  1725943046,     160.121534995807991,    2722.226216463731362,0,       2.206228617752614,       0.000000000000000,       0.850000000000000,       0.850000000000000,       0.850000000000000,       0.850000000000000,       0.850000000000000,       0.850000000000000,       0.850000000000000,       0.850000000000000,       0.000000000000000,       0.000000000000000,       0.000000000000000,       0.000000000000000,       0.000000000000000,       0.000000000000000,       0.800241990977442,       0.800241990977442,       0.835985291504618,       0.835985291504618,       0.000249792457565,       0.000249792457565,       0.000808552248184,       0.000808552248184,                   1,                   1,              1,              1,    2722.226216463731362,    2722.226216463731362,       0.518285527534475,       0.518285527534475,    5480.360655976042835,    5480.360655976042835,       0.009279799232921,       0.009279799232921,       0.000000000038823,       0.000000000038823,      54.698709639539103,      54.698709639539103,      -0.333333333333333,      -0.333333333333333,      -0.333333333333333,      -0.333333333333333,      -0.281254257698058,      -0.281254257698058,      -0.281254257698058,      -0.281254257698058,       0.000000000000000,       0.000000000000000,                         0,                         0,       0.000000000000000,       0.000000000000000,       0.000000000000000,       0.000000000000000,       0.371146987311155,   -1317.186668333568150,       0.008000000000000,       0.008000000000000,         0,       0.000000000000000,       0.000000000000000,       0.000000000000000,       0.000000000000000,       0.000000000000000,       0.000000000000000,       0.000000000000000,       0.000000000000000,        0.000000000000000,        0.000000000000000,   72840.044202355551533,   72840.044202355551533,       0.000000000000000,       0.500000000000000,        11
  1725943046,     160.121534995807991,    2722.226216463731362,0,       2.206228617752614,       0.000000000000000,       0.850000000000000,       0.850000000000000,       0.850000000000000,       0.850000000000000,       0.850000000000000,       0.850000000000000,       0.850000000000000,       0.850000000000000,       0.000000000000000,       0.000000000000000,       0.000000000000000,       0.000000000000000,       0.000000000000000,       0.000000000000000,       0.800241990977442,       0.800241990977442,       0.835985291504618,       0.835985291504618,       0.000249792457565,       0.000249792457565,       0.000808552248184,       0.000808552248184,                   1,                   1,              1,              1,    2722.226216463731362,    2722.226216463731362,       0.518285527534475,       0.518285527534475,    5480.360655976042835,    5480.360655976042835,       0.009279799232921,       0.009279799232921,       0.000000000038823,       0.000000000038823,      54.698709639539103,      54.698709639539103,      -0.333333333333333,      -0.333333333333333,      -0.333333333333333,      -0.333333333333333,      -0.281254257698058,      -0.281254257698058,      -0.281254257698058,      -0.281254257698058,       0.000000000000000,       0.000000000000000,                         0,                         0,       0.000000000000000,       0.000000000000000,       0.000000000000000,       0.000000000000000,       0.371228316775031,   -1316.866114332750158,       0.008000000000000,       0.008000000000000,         0,       0.000000000000000,       0.000000000000000,       0.000000000000000,       0.000000000000000,       0.000000000000000,       0.000000000000000,       0.000000000000000,       0.000000000000000,        0.000000000000000,        0.000000000000000,   72840.044202355551533,   72840.044202355551533,       0.000000000000000,       0.500000000000000,        14
  1725943046,     160.121534995807991,    2722.226216463731362,0,       2.206228617752614,       0.000000000000000,       0.850000000000000,       0.850000000000000,       0.850000000000000,       0.850000000000000,       0.850000000000000,       0.850000000000000,       0.850000000000000,       0.850000000000000,       0.000000000000000,       0.000000000000000,       0.000000000000000,       0.000000000000000,       0.000000000000000,       0.000000000000000,       0.800241990977442,       0.800241990977442,       0.835985291504618,       0.835985291504618,       0.000249792457565,       0.000249792457565,       0.000808552248184,       0.000808552248184,                   1,                   1,              1,              1,    2722.226216463731362,    2722.226216463731362,       0.518285527534475,       0.518285527534475,    5480.360655976042835,    5480.360655976042835,       0.009279799232921,       0.009279799232921,       0.000000000038823,       0.000000000038823,      54.698709639539103,      54.698709639539103,      -0.333333333333333,      -0.333333333333333,      -0.333333333333333,      -0.333333333333333,      -0.281254257698058,      -0.281254257698058,      -0.281254257698058,      -0.281254257698058,       0.000000000000000,       0.000000000000000,                         0,                         0,       0.000000000000000,       0.000000000000000,       0.000000000000000,       0.000000000000000,       0.371228316775031,   -1316.866114332750158,       0.008000000000000,       0.008000000000000,         0,       0.000000000000000,       0.000000000000000,       0.000000000000000,       0.000000000000000,       0.000000000000000,       0.000000000000000,       0.000000000000000,       0.000000000000000,        0.000000000000000,        0.000000000000000,   72840.044202355551533,   72840.044202355551533,       0.000000000000000,       0.500000000000000,         3
  1725943046,     160.121534995807991,    2722.226216463731362,0,       2.206228617752614,       0.000000000000000,       0.850000000000000,       0.850000000000000,       0.850000000000000,       0.850000000000000,       0.850000000000000,       0.850000000000000,       0.850000000000000,       0.850000000000000,       0.000000000000000,       0.000000000000000,       0.000000000000000,       0.000000000000000,       0.000000000000000,       0.000000000000000,       0.800241990977442,       0.800241990977442,       0.835985291504618,       0.835985291504618,       0.000249792457565,       0.000249792457565,       0.000808552248184,       0.000808552248184,                   1,                   1,              1,              1,    2722.226216463731362,    2722.226216463731362,       0.518285527534475,       0.518285527534475,    5480.360655976042835,    5480.360655976042835,       0.009279799232921,       0.009279799232921,       0.000000000038823,       0.000000000038823,      54.698709639539103,      54.698709639539103,      -0.333333333333333,      -0.333333333333333,      -0.333333333333333,      -0.333333333333333,      -0.281254257698058,      -0.281254257698058,      -0.281254257698058,      -0.281254257698058,       0.000000000000000,       0.000000000000000,                         0,                         0,       0.000000000000000,       0.000000000000000,       0.000000000000000,       0.000000000000000,       0.371228316775031,   -1316.866114332750158,       0.008000000000000,       0.008000000000000,         0,       0.000000000000000,       0.000000000000000,       0.000000000000000,       0.000000000000000,       0.000000000000000,       0.000000000000000,       0.000000000000000,       0.000000000000000,        0.000000000000000,        0.000000000000000,   72840.044202355551533,   72840.044202355551533,       0.000000000000000,       0.500000000000000,         4
  1725943046,     160.121534995807991,    2882.347751459539268,0,       2.206228617752614,       0.000000000000000,       0.850000000000000,       0.850000000000000,       0.850000000000000,       0.850000000000000,       0.850000000000000,       0.850000000000000,       0.850000000000000,       0.850000000000000,       0.000000000000000,       0.000000000000000,       0.000000000000000,       0.000000000000000,       0.000000000000000,       0.000000000000000,       0.802011389972155,       0.802011389972155,       0.835985291504618,       0.835985291504618,       0.000249792457565,       0.000249792457565,       0.000805877980363,       0.000805877980363,                   1,                   1,              1,              1,    2882.347751459539268,    2882.347751459539268,       0.522426478864002,       0.522426478864002,    5485.213859420724475,    5485.213859420724475,       0.009320881356123,       0.009320881356123,       0.000000000038952,       0.000000000038952,      54.145426959179559,      54.145426959179559,      -0.333333333333333,      -0.333333333333333,      -0.333333333333333,      -0.333333333333333,      -0.281254257698058,      -0.281254257698058,      -0.281254257698058,      -0.281254257698058,       0.000000000000000,       0.000000000000000,                         0,                         0,       0.000000000000000,       0.000000000000000,       0.000000000000000,       0.000000000000000,       0.371228316775031,   -1316.866114332750158,       0.008000000000000,       0.008000000000000,         0,       0.000000000000000,       0.000000000000000,       0.000000000000000,       0.000000000000000,       0.000000000000000,       0.000000000000000,       0.000000000000000,       0.000000000000000,        0.000000000000000,        0.000000000000000,   72417.796294808184030,   72417.796294808184030,       0.000000000000000,       0.500000000000000,         2
  1725943046,     160.121534995807991,    2882.347751459539268,0,       2.206228617752614,       0.000000000000000,       0.850000000000000,       0.850000000000000,       0.850000000000000,       0.850000000000000,       0.850000000000000,       0.850000000000000,       0.850000000000000,       0.850000000000000,       0.000000000000000,       0.000000000000000,       0.000000000000000,       0.000000000000000,       0.000000000000000,       0.000000000000000,       0.802011389972155,       0.802011389972155,       0.835985291504618,       0.835985291504618,       0.000249792457565,       0.000249792457565,       0.000805877980363,       0.000805877980363,                   1,                   1,              1,              1,    2882.347751459539268,    2882.347751459539268,       0.522426478864002,       0.522426478864002,    5485.213859420724475,    5485.213859420724475,       0.009320881356123,       0.009320881356123,       0.000000000038952,       0.000000000038952,      54.145426959179559,      54.145426959179559,      -0.333333333333333,      -0.333333333333333,      -0.333333333333333,      -0.333333333333333,      -0.281254257698058,      -0.281254257698058,      -0.281254257698058,      -0.281254257698058,       0.000000000000000,       0.000000000000000,                         0,                         0,       0.000000000000000,       0.000000000000000,       0.000000000000000,       0.000000000000000,       0.371228316775031,   -1316.866114332750158,       0.008000000000000,       0.008000000000000,         0,       0.000000000000000,       0.000000000000000,       0.000000000000000,       0.000000000000000,       0.000000000000000,       0.000000000000000,       0.000000000000000,       0.000000000000000,        0.000000000000000,        0.000000000000000,   72417.796294808184030,   72417.796294808184030,       0.000000000000000,       0.500000000000000,        10
  1725943046,     160.121534995807991,    2882.347751459539268,0,       2.206228617752614,       0.000000000000000,       0.850000000000000,       0.850000000000000,       0.850000000000000,       0.850000000000000,       0.850000000000000,       0.850000000000000,       0.850000000000000,       0.850000000000000,       0.000000000000000,       0.000000000000000,       0.000000000000000,       0.000000000000000,       0.000000000000000,       0.000000000000000,       0.802011389972155,       0.802011389972155,       0.835985291504618,       0.835985291504618,       0.000249792457565,       0.000249792457565,       0.000805877980363,       0.000805877980363,                   1,                   1,              1,              1,    2882.347751459539268,    2882.347751459539268,       0.522426478864002,       0.522426478864002,    5485.213859420724475,    5485.213859420724475,       0.009320881356123,       0.009320881356123,       0.000000000038952,       0.000000000038952,      54.145426959179559,      54.145426959179559,      -0.333333333333333,      -0.333333333333333,      -0.333333333333333,      -0.333333333333333,      -0.281254257698058,      -0.281254257698058,      -0.281254257698058,      -0.281254257698058,       0.000000000000000,       0.000000000000000,                         0,                         0,       0.000000000000000,       0.000000000000000,       0.000000000000000,       0.000000000000000,       0.371228316775031,   -1316.866114332750158,       0.008000000000000,       0.008000000000000,         0,       0.000000000000000,       0.000000000000000,       0.000000000000000,       0.000000000000000,       0.000000000000000,       0.000000000000000,       0.000000000000000,       0.000000000000000,        0.000000000000000,        0.000000000000000,   72417.796294808184030,   72417.796294808184030,       0.000000000000000,       0.500000000000000,        11
  1725943046,     160.121534995807991,    2882.347751459539268,0,       2.206228617752614,       0.000000000000000,       0.850000000000000,       0.850000000000000,       0.850000000000000,       0.850000000000000,       0.850000000000000,       0.850000000000000,       0.850000000000000,       0.850000000000000,       0.000000000000000,       0.000000000000000,       0.000000000000000,       0.000000000000000,       0.000000000000000,       0.000000000000000,       0.802011389972155,       0.802011389972155,       0.835985291504618,       0.835985291504618,       0.000249792457565,       0.000249792457565,       0.000805877980363,       0.000805877980363,                   1,                   1,              1,              1,    2882.347751459539268,    2882.347751459539268,       0.522426478864002,       0.522426478864002,    5485.213859420724475,    5485.213859420724475,       0.009320881356123,       0.009320881356123,       0.000000000038952,       0.000000000038952,      54.145426959179559,      54.145426959179559,      -0.333333333333333,      -0.333333333333333,      -0.333333333333333,      -0.333333333333333,      -0.281254257698058,      -0.281254257698058,      -0.281254257698058,      -0.281254257698058,       0.000000000000000,       0.000000000000000,                         0,                         0,       0.000000000000000,       0.000000000000000,       0.000000000000000,       0.000000000000000,       0.371310481021435,   -1316.542270099017287,       0.008000000000000,       0.008000000000000,         0,       0.000000000000000,       0.000000000000000,       0.000000000000000,       0.000000000000000,       0.000000000000000,       0.000000000000000,       0.000000000000000,       0.000000000000000,        0.000000000000000,        0.000000000000000,   72417.796294808184030,   72417.796294808184030,       0.000000000000000,       0.500000000000000,        14
  1725943046,     160.121534995807991,    2882.347751459539268,0,       2.206228617752614,       0.000000000000000,       0.850000000000000,       0.850000000000000,       0.850000000000000,       0.850000000000000,       0.850000000000000,       0.850000000000000,       0.850000000000000,       0.850000000000000,       0.000000000000000,       0.000000000000000,       0.000000000000000,       0.000000000000000,       0.000000000000000,       0.000000000000000,       0.802011389972155,       0.802011389972155,       0.835985291504618,       0.835985291504618,       0.000249792457565,       0.000249792457565,       0.000805877980363,       0.000805877980363,                   1,                   1,              1,              1,    2882.347751459539268,    2882.347751459539268,       0.522426478864002,       0.522426478864002,    5485.213859420724475,    5485.213859420724475,       0.009320881356123,       0.009320881356123,       0.000000000038952,       0.000000000038952,      54.145426959179559,      54.145426959179559,      -0.333333333333333,      -0.333333333333333,      -0.333333333333333,      -0.333333333333333,      -0.281254257698058,      -0.281254257698058,      -0.281254257698058,      -0.281254257698058,       0.000000000000000,       0.000000000000000,                         0,                         0,       0.000000000000000,       0.000000000000000,       0.000000000000000,       0.000000000000000,       0.371310481021435,   -1316.542270099017287,       0.008000000000000,       0.008000000000000,         0,       0.000000000000000,       0.000000000000000,       0.000000000000000,       0.000000000000000,       0.000000000000000,       0.000000000000000,       0.000000000000000,       0.000000000000000,        0.000000000000000,        0.000000000000000,   72417.796294808184030,   72417.796294808184030,       0.000000000000000,       0.500000000000000,         3
  1725943046,     160.121534995807991,    2882.347751459539268,0,       2.206228617752614,       0.000000000000000,       0.850000000000000,       0.850000000000000,       0.850000000000000,       0.850000000000000,       0.850000000000000,       0.850000000000000,       0.850000000000000,       0.850000000000000,       0.000000000000000,       0.000000000000000,       0.000000000000000,       0.000000000000000,       0.000000000000000,       0.000000000000000,       0.802011389972155,       0.802011389972155,       0.835985291504618,       0.835985291504618,       0.000249792457565,       0.000249792457565,       0.000805877980363,       0.000805877980363,                   1,                   1,              1,              1,    2882.347751459539268,    2882.347751459539268,       0.522426478864002,       0.522426478864002,    5485.213859420724475,    5485.213859420724475,       0.009320881356123,       0.009320881356123,       0.000000000038952,       0.000000000038952,      54.145426959179559,      54.145426959179559,      -0.333333333333333,      -0.333333333333333,      -0.333333333333333,      -0.333333333333333,      -0.281254257698058,      -0.281254257698058,      -0.281254257698058,      -0.281254257698058,       0.000000000000000,       0.000000000000000,                         0,                         0,       0.000000000000000,       0.000000000000000,       0.000000000000000,       0.000000000000000,       0.371310481021435,   -1316.542270099017287,       0.008000000000000,       0.008000000000000,         0,       0.000000000000000,       0.000000000000000,       0.000000000000000,       0.000000000000000,       0.000000000000000,       0.000000000000000,       0.000000000000000,       0.000000000000000,        0.000000000000000,        0.000000000000000,   72417.796294808184030,   72417.796294808184030,       0.000000000000000,       0.500000000000000,         4
  1725943046,     160.121534995807991,    3042.469286455347174,0,       2.206228617752614,       0.000000000000000,       0.850000000000000,       0.850000000000000,       0.850000000000000,       0.850000000000000,       0.850000000000000,       0.850000000000000,       0.850000000000000,       0.850000000000000,       0.000000000000000,       0.000000000000000,       0.000000000000000,       0.000000000000000,       0.000000000000000,       0.000000000000000,       0.803795586158831,       0.803795586158831,       0.835985291504618,       0.835985291504618,       0.000249792457565,       0.000249792457565,       0.000803196242155,       0.000803196242155,                   1,                   1,              1,              1,    3042.469286455347174,    3042.469286455347174,       0.526646530491701,       0.526646530491701,    5490.154115915880539,    5490.154115915880539,       0.009362398919274,       0.009362398919274,       0.000000000039082,       0.000000000039082,      53.592331977568783,      53.592331977568783,      -0.333333333333333,      -0.333333333333333,      -0.333333333333333,      -0.333333333333333,      -0.281254257698058,      -0.281254257698058,      -0.281254257698058,      -0.281254257698058,       0.000000000000000,       0.000000000000000,                         0,                         0,       0.000000000000000,       0.000000000000000,       0.000000000000000,       0.000000000000000,       0.371310481021435,   -1316.542270099017287,       0.008000000000000,       0.008000000000000,         0,       0.000000000000000,       0.000000000000000,       0.000000000000000,       0.000000000000000,       0.000000000000000,       0.000000000000000,       0.000000000000000,       0.000000000000000,        0.000000000000000,        0.000000000000000,   71975.994459294044646,   71975.994459294044646,       0.000000000000000,       0.500000000000000,         2
  1725943046,     160.121534995807991,    3042.469286455347174,0,       2.206228617752614,       0.000000000000000,       0.850000000000000,       0.850000000000000,       0.850000000000000,       0.850000000000000,       0.850000000000000,       0.850000000000000,       0.850000000000000,       0.850000000000000,       0.000000000000000,       0.000000000000000,       0.000000000000000,       0.000000000000000,       0.000000000000000,       0.000000000000000,       0.803795586158831,       0.803795586158831,       0.835985291504618,       0.835985291504618,       0.000249792457565,       0.000249792457565,       0.000803196242155,       0.000803196242155,                   1,                   1,              1,              1,    3042.469286455347174,    3042.469286455347174,       0.526646530491701,       0.526646530491701,    5490.154115915880539,    5490.154115915880539,       0.009362398919274,       0.009362398919274,       0.000000000039082,       0.000000000039082,      53.592331977568783,      53.592331977568783,      -0.333333333333333,      -0.333333333333333,      -0.333333333333333,      -0.333333333333333,      -0.281254257698058,      -0.281254257698058,      -0.281254257698058,      -0.281254257698058,       0.000000000000000,       0.000000000000000,                         0,                         0,       0.000000000000000,       0.000000000000000,       0.000000000000000,       0.000000000000000,       0.371310481021435,   -1316.542270099017287,       0.008000000000000,       0.008000000000000,         0,       0.000000000000000,       0.000000000000000,       0.000000000000000,       0.000000000000000,       0.000000000000000,       0.000000000000000,       0.000000000000000,       0.000000000000000,        0.000000000000000,        0.000000000000000,   71975.994459294044646,   71975.994459294044646,       0.000000000000000,       0.500000000000000,        10
  1725943046,     160.121534995807991,    3042.469286455347174,0,       2.206228617752614,       0.000000000000000,       0.850000000000000,       0.850000000000000,       0.850000000000000,       0.850000000000000,       0.850000000000000,       0.850000000000000,       0.850000000000000,       0.850000000000000,       0.000000000000000,       0.000000000000000,       0.000000000000000,       0.000000000000000,       0.000000000000000,       0.000000000000000,       0.803795586158831,       0.803795586158831,       0.835985291504618,       0.835985291504618,       0.000249792457565,       0.000249792457565,       0.000803196242155,       0.000803196242155,                   1,                   1,              1,              1,    3042.469286455347174,    3042.469286455347174,       0.526646530491701,       0.526646530491701,    5490.154115915880539,    5490.154115915880539,       0.009362398919274,       0.009362398919274,       0.000000000039082,       0.000000000039082,      53.592331977568783,      53.592331977568783,      -0.333333333333333,      -0.333333333333333,      -0.333333333333333,      -0.333333333333333,      -0.281254257698058,      -0.281254257698058,      -0.281254257698058,      -0.281254257698058,       0.000000000000000,       0.000000000000000,                         0,                         0,       0.000000000000000,       0.000000000000000,       0.000000000000000,       0.000000000000000,       0.371310481021435,   -1316.542270099017287,       0.008000000000000,       0.008000000000000,         0,       0.000000000000000,       0.000000000000000,       0.000000000000000,       0.000000000000000,       0.000000000000000,       0.000000000000000,       0.000000000000000,       0.000000000000000,        0.000000000000000,        0.000000000000000,   71975.994459294044646,   71975.994459294044646,       0.000000000000000,       0.500000000000000,        11
  1725943046,     160.121534995807991,    3042.469286455347174,0,       2.206228617752614,       0.000000000000000,       0.850000000000000,       0.850000000000000,       0.850000000000000,       0.850000000000000,       0.850000000000000,       0.850000000000000,       0.850000000000000,       0.850000000000000,       0.000000000000000,       0.000000000000000,       0.000000000000000,       0.000000000000000,       0.000000000000000,       0.000000000000000,       0.803795586158831,       0.803795586158831,       0.835985291504618,       0.835985291504618,       0.000249792457565,       0.000249792457565,       0.000803196242155,       0.000803196242155,                   1,                   1,              1,              1,    3042.469286455347174,    3042.469286455347174,       0.526646530491701,       0.526646530491701,    5490.154115915880539,    5490.154115915880539,       0.009362398919274,       0.009362398919274,       0.000000000039082,       0.000000000039082,      53.592331977568783,      53.592331977568783,      -0.333333333333333,      -0.333333333333333,      -0.333333333333333,      -0.333333333333333,      -0.281254257698058,      -0.281254257698058,      -0.281254257698058,      -0.281254257698058,       0.000000000000000,       0.000000000000000,                         0,                         0,       0.000000000000000,       0.000000000000000,       0.000000000000000,       0.000000000000000,       0.371393516147736,   -1316.214993357284129,       0.008000000000000,       0.008000000000000,         0,       0.000000000000000,       0.000000000000000,       0.000000000000000,       0.000000000000000,       0.000000000000000,       0.000000000000000,       0.000000000000000,       0.000000000000000,        0.000000000000000,        0.000000000000000,   71975.994459294044646,   71975.994459294044646,       0.000000000000000,       0.500000000000000,        14
  1725943046,     160.121534995807991,    3042.469286455347174,0,       2.206228617752614,       0.000000000000000,       0.850000000000000,       0.850000000000000,       0.850000000000000,       0.850000000000000,       0.850000000000000,       0.850000000000000,       0.850000000000000,       0.850000000000000,       0.000000000000000,       0.000000000000000,       0.000000000000000,       0.000000000000000,       0.000000000000000,       0.000000000000000,       0.803795586158831,       0.803795586158831,       0.835985291504618,       0.835985291504618,       0.000249792457565,       0.000249792457565,       0.000803196242155,       0.000803196242155,                   1,                   1,              1,              1,    3042.469286455347174,    3042.469286455347174,       0.526646530491701,       0.526646530491701,    5490.154115915880539,    5490.154115915880539,       0.009362398919274,       0.009362398919274,       0.000000000039082,       0.000000000039082,      53.592331977568783,      53.592331977568783,      -0.333333333333333,      -0.333333333333333,      -0.333333333333333,      -0.333333333333333,      -0.281254257698058,      -0.281254257698058,      -0.281254257698058,      -0.281254257698058,       0.000000000000000,       0.000000000000000,                         0,                         0,       0.000000000000000,       0.000000000000000,       0.000000000000000,       0.000000000000000,       0.371393516147736,   -1316.214993357284129,       0.008000000000000,       0.008000000000000,         0,       0.000000000000000,       0.000000000000000,       0.000000000000000,       0.000000000000000,       0.000000000000000,       0.000000000000000,       0.000000000000000,       0.000000000000000,        0.000000000000000,        0.000000000000000,   71975.994459294044646,   71975.994459294044646,       0.000000000000000,       0.500000000000000,         3
  1725943046,     160.121534995807991,    3042.469286455347174,0,       2.206228617752614,       0.000000000000000,       0.850000000000000,       0.850000000000000,       0.850000000000000,       0.850000000000000,       0.850000000000000,       0.850000000000000,       0.850000000000000,       0.850000000000000,       0.000000000000000,       0.000000000000000,       0.000000000000000,       0.000000000000000,       0.000000000000000,       0.000000000000000,       0.803795586158831,       0.803795586158831,       0.835985291504618,       0.835985291504618,       0.000249792457565,       0.000249792457565,       0.000803196242155,       0.000803196242155,                   1,                   1,              1,              1,    3042.469286455347174,    3042.469286455347174,       0.526646530491701,       0.526646530491701,    5490.154115915880539,    5490.154115915880539,       0.009362398919274,       0.009362398919274,       0.000000000039082,       0.000000000039082,      53.592331977568783,      53.592331977568783,      -0.333333333333333,      -0.333333333333333,      -0.333333333333333,      -0.333333333333333,      -0.281254257698058,      -0.281254257698058,      -0.281254257698058,      -0.281254257698058,       0.000000000000000,       0.000000000000000,                         0,                         0,       0.000000000000000,       0.000000000000000,       0.000000000000000,       0.000000000000000,       0.371393516147736,   -1316.214993357284129,       0.008000000000000,       0.008000000000000,         0,       0.000000000000000,       0.000000000000000,       0.000000000000000,       0.000000000000000,       0.000000000000000,       0.000000000000000,       0.000000000000000,       0.000000000000000,        0.000000000000000,        0.000000000000000,   71975.994459294044646,   71975.994459294044646,       0.000000000000000,       0.500000000000000,         4
  1725943046,     160.121534995807991,    3202.590821451155080,0,       2.206228617752614,       0.000000000000000,       0.850000000000000,       0.850000000000000,       0.850000000000000,       0.850000000000000,       0.850000000000000,       0.850000000000000,       0.850000000000000,       0.850000000000000,       0.000000000000000,       0.000000000000000,       0.000000000000000,       0.000000000000000,       0.000000000000000,       0.000000000000000,       0.805595267416043,       0.805595267416043,       0.835985291504618,       0.835985291504618,       0.000249792457565,       0.000249792457565,       0.000800506263058,       0.000800506263058,                   1,                   1,              1,              1,    3202.590821451155080,    3202.590821451155080,       0.530947062749183,       0.530947062749183,    5495.179586327743891,    5495.179586327743891,       0.009404370278158,       0.009404370278158,       0.000000000039214,       0.000000000039214,      53.039493812951612,      53.039493812951612,      -0.333333333333333,      -0.333333333333333,      -0.333333333333333,      -0.333333333333333,      -0.281254257698058,      -0.281254257698058,      -0.281254257698058,      -0.281254257698058,       0.000000000000000,       0.000000000000000,                         0,                         0,       0.000000000000000,       0.000000000000000,       0.000000000000000,       0.000000000000000,       0.371393516147736,   -1316.214993357284129,       0.008000000000000,       0.008000000000000,         0,       0.000000000000000,       0.000000000000000,       0.000000000000000,       0.000000000000000,       0.000000000000000,       0.000000000000000,       0.000000000000000,       0.000000000000000,        0.000000000000000,        0.000000000000000,   71515.432281599874841,   71515.432281599874841,       0.000000000000000,       0.500000000000000,         2
  1725943046,     160.121534995807991,    3202.590821451155080,0,       2.206228617752614,       0.000000000000000,       0.850000000000000,       0.850000000000000,       0.850000000000000,       0.850000000000000,       0.850000000000000,       0.850000000000000,       0.850000000000000,       0.850000000000000,       0.000000000000000,       0.000000000000000,       0.000000000000000,       0.000000000000000,       0.000000000000000,       0.000000000000000,       0.805595267416043,       0.805595267416043,       0.835985291504618,       0.835985291504618,       0.000249792457565,       0.000249792457565,       0.000800506263058,       0.000800506263058,                   1,                   1,              1,              1,    3202.590821451155080,    3202.590821451155080,       0.530947062749183,       0.530947062749183,    5495.179586327743891,    5495.179586327743891,       0.009404370278158,       0.009404370278158,       0.000000000039214,       0.000000000039214,      53.039493812951612,      53.039493812951612,      -0.333333333333333,      -0.333333333333333,      -0.333333333333333,      -0.333333333333333,      -0.281254257698058,      -0.281254257698058,      -0.281254257698058,      -0.281254257698058,       0.000000000000000,       0.000000000000000,                         0,                         0,       0.000000000000000,       0.000000000000000,       0.000000000000000,       0.000000000000000,       0.371393516147736,   -1316.214993357284129,       0.008000000000000,       0.008000000000000,         0,       0.000000000000000,       0.000000000000000,       0.000000000000000,       0.000000000000000,       0.000000000000000,       0.000000000000000,       0.000000000000000,       0.000000000000000,        0.000000000000000,        0.000000000000000,   71515.432281599874841,   71515.432281599874841,       0.000000000000000,       0.500000000000000,        10
  1725943046,     160.121534995807991,    3202.590821451155080,0,       2.206228617752614,       0.000000000000000,       0.850000000000000,       0.850000000000000,       0.850000000000000,       0.850000000000000,       0.850000000000000,       0.850000000000000,       0.850000000000000,       0.850000000000000,       0.000000000000000,       0.000000000000000,       0.000000000000000,       0.000000000000000,       0.000000000000000,       0.000000000000000,       0.805595267416043,       0.805595267416043,       0.835985291504618,       0.835985291504618,       0.000249792457565,       0.000249792457565,       0.000800506263058,       0.000800506263058,                   1,                   1,              1,              1,    3202.590821451155080,    3202.590821451155080,       0.530947062749183,       0.530947062749183,    5495.179586327743891,    5495.179586327743891,       0.009404370278158,       0.009404370278158,       0.000000000039214,       0.000000000039214,      53.039493812951612,      53.039493812951612,      -0.333333333333333,      -0.333333333333333,      -0.333333333333333,      -0.333333333333333,      -0.281254257698058,      -0.281254257698058,      -0.281254257698058,      -0.281254257698058,       0.000000000000000,       0.000000000000000,                         0,                         0,       0.000000000000000,       0.000000000000000,       0.000000000000000,       0.000000000000000,       0.371393516147736,   -1316.214993357284129,       0.008000000000000,       0.008000000000000,         0,       0.000000000000000,       0.000000000000000,       0.000000000000000,       0.000000000000000,       0.000000000000000,       0.000000000000000,       0.000000000000000,       0.000000000000000,        0.000000000000000,        0.000000000000000,   71515.432281599874841,   71515.432281599874841,       0.000000000000000,       0.500000000000000,        11
  1725943046,     160.121534995807991,    3202.590821451155080,0,       2.206228617752614,       0.000000000000000,       0.850000000000000,       0.850000000000000,       0.850000000000000,       0.850000000000000,       0.850000000000000,       0.850000000000000,       0.850000000000000,       0.850000000000000,       0.000000000000000,       0.000000000000000,       0.000000000000000,       0.000000000000000,       0.000000000000000,       0.000000000000000,       0.805595267416043,       0.805595267416043,       0.835985291504618,       0.835985291504618,       0.000249792457565,       0.000249792457565,       0.000800506263058,       0.000800506263058,                   1,                   1,              1,              1,    3202.590821451155080,    3202.590821451155080,       0.530947062749183,       0.530947062749183,    5495.179586327743891,    5495.179586327743891,       0.009404370278158,       0.009404370278158,       0.000000000039214,       0.000000000039214,      53.039493812951612,      53.039493812951612,      -0.333333333333333,      -0.333333333333333,      -0.333333333333333,      -0.333333333333333,      -0.281254257698058,      -0.281254257698058,      -0.281254257698058,      -0.281254257698058,       0.000000000000000,       0.000000000000000,                         0,                         0,       0.000000000000000,       0.000000000000000,       0.000000000000000,       0.000000000000000,       0.371477458865504,   -1315.884139411646856,       0.008000000000000,       0.008000000000000,         0,       0.000000000000000,       0.000000000000000,       0.000000000000000,       0.000000000000000,       0.000000000000000,       0.000000000000000,       0.000000000000000,       0.000000000000000,        0.000000000000000,        0.000000000000000,   71515.432281599874841,   71515.432281599874841,       0.000000000000000,       0.500000000000000,        14
  1725943046,     160.121534995807991,    3202.590821451155080,0,       2.206228617752614,       0.000000000000000,       0.850000000000000,       0.850000000000000,       0.850000000000000,       0.850000000000000,       0.850000000000000,       0.850000000000000,       0.850000000000000,       0.850000000000000,       0.000000000000000,       0.000000000000000,       0.000000000000000,       0.000000000000000,       0.000000000000000,       0.000000000000000,       0.805595267416043,       0.805595267416043,       0.835985291504618,       0.835985291504618,       0.000249792457565,       0.000249792457565,       0.000800506263058,       0.000800506263058,                   1,                   1,              1,              1,    3202.590821451155080,    3202.590821451155080,       0.530947062749183,       0.530947062749183,    5495.179586327743891,    5495.179586327743891,       0.009404370278158,       0.009404370278158,       0.000000000039214,       0.000000000039214,      53.039493812951612,      53.039493812951612,      -0.333333333333333,      -0.333333333333333,      -0.333333333333333,      -0.333333333333333,      -0.281254257698058,      -0.281254257698058,      -0.281254257698058,      -0.281254257698058,       0.000000000000000,       0.000000000000000,                         0,                         0,       0.000000000000000,       0.000000000000000,       0.000000000000000,       0.000000000000000,       0.371477458865504,   -1315.884139411646856,       0.008000000000000,       0.008000000000000,         0,       0.000000000000000,       0.000000000000000,       0.000000000000000,       0.000000000000000,       0.000000000000000,       0.000000000000000,       0.000000000000000,       0.000000000000000,        0.000000000000000,        0.000000000000000,   71515.432281599874841,   71515.432281599874841,       0.000000000000000,       0.500000000000000,         3
  1725943046,     160.121534995807991,    3202.590821451155080,0,       2.206228617752614,       0.000000000000000,       0.850000000000000,       0.850000000000000,       0.850000000000000,       0.850000000000000,       0.850000000000000,       0.850000000000000,       0.850000000000000,       0.850000000000000,       0.000000000000000,       0.000000000000000,       0.000000000000000,       0.000000000000000,       0.000000000000000,       0.000000000000000,       0.805595267416043,       0.805595267416043,       0.835985291504618,       0.835985291504618,       0.000249792457565,       0.000249792457565,       0.000800506263058,       0.000800506263058,                   1,                   1,              1,              1,    3202.590821451155080,    3202.590821451155080,       0.530947062749183,       0.530947062749183,    5495.179586327743891,    5495.179586327743891,       0.009404370278158,       0.009404370278158,       0.000000000039214,       0.000000000039214,      53.039493812951612,      53.039493812951612,      -0.333333333333333,      -0.333333333333333,      -0.333333333333333,      -0.333333333333333,      -0.281254257698058,      -0.281254257698058,      -0.281254257698058,      -0.281254257698058,       0.000000000000000,       0.000000000000000,                         0,                         0,       0.000000000000000,       0.000000000000000,       0.000000000000000,       0.000000000000000,       0.371477458865504,   -1315.884139411646856,       0.008000000000000,       0.008000000000000,         0,       0.000000000000000,       0.000000000000000,       0.000000000000000,       0.000000000000000,       0.000000000000000,       0.000000000000000,       0.000000000000000,       0.000000000000000,        0.000000000000000,        0.000000000000000,   71515.432281599874841,   71515.432281599874841,       0.000000000000000,       0.500000000000000,         4
  1725943046,     160.121534995807991,    3362.712356446962986,0,       2.206228617752614,       0.000000000000000,       0.850000000000000,       0.850000000000000,       0.850000000000000,       0.850000000000000,       0.850000000000000,       0.850000000000000,       0.850000000000000,       0.850000000000000,       0.000000000000000,       0.000000000000000,       0.000000000000000,       0.000000000000000,       0.000000000000000,       0.000000000000000,       0.807411128143504,       0.807411128143504,       0.835985291504618,       0.835985291504618,       0.000249792457565,       0.000249792457565,       0.000797807284359,       0.000797807284359,                   1,                   1,              1,              1,    3362.712356446962986,    3362.712356446962986,       0.535329488780308,       0.535329488780308,    5500.288428091623246,    5500.288428091623246,       0.009446814104914,       0.009446814104914,       0.000000000039346,       0.000000000039346,      52.486981985171425,      52.486981985171425,      -0.333333333333333,      -0.333333333333333,      -0.333333333333333,      -0.333333333333333,      -0.281254257698058,      -0.281254257698058,      -0.281254257698058,      -0.281254257698058,       0.000000000000000,       0.000000000000000,                         0,                         0,       0.000000000000000,       0.000000000000000,       0.000000000000000,       0.000000000000000,       0.371477458865504,   -1315.884139411646856,       0.008000000000000,       0.008000000000000,         0,       0.000000000000000,       0.000000000000000,       0.000000000000000,       0.000000000000000,       0.000000000000000,       0.000000000000000,       0.000000000000000,       0.000000000000000,        0.000000000000000,        0.000000000000000,   71036.918665203818819,   71036.918665203818819,       0.000000000000000,       0.500000000000000,         2
  1725943046,     160.121534995807991,    3362.712356446962986,0,       2.206228617752614,       0.000000000000000,       0.850000000000000,       0.850000000000000,       0.850000000000000,       0.850000000000000,       0.850000000000000,       0.850000000000000,       0.850000000000000,       0.850000000000000,       0.000000000000000,       0.000000000000000,       0.000000000000000,       0.000000000000000,       0.000000000000000,       0.000000000000000,       0.807411128143504,       0.807411128143504,       0.835985291504618,       0.835985291504618,       0.000249792457565,       0.000249792457565,       0.000797807284359,       0.000797807284359,                   1,                   1,              1,              1,    3362.712356446962986,    3362.712356446962986,       0.535329488780308,       0.535329488780308,    5500.288428091623246,    5500.288428091623246,       0.009446814104914,       0.009446814104914,       0.000000000039346,       0.000000000039346,      52.486981985171425,      52.486981985171425,      -0.333333333333333,      -0.333333333333333,      -0.333333333333333,      -0.333333333333333,      -0.281254257698058,      -0.281254257698058,      -0.281254257698058,      -0.281254257698058,       0.000000000000000,       0.000000000000000,                         0,                         0,       0.000000000000000,       0.000000000000000,       0.000000000000000,       0.000000000000000,       0.371477458865504,   -1315.884139411646856,       0.008000000000000,       0.008000000000000,         0,       0.000000000000000,       0.000000000000000,       0.000000000000000,       0.000000000000000,       0.000000000000000,       0.000000000000000,       0.000000000000000,       0.000000000000000,        0.000000000000000,        0.000000000000000,   71036.918665203818819,   71036.918665203818819,       0.000000000000000,       0.500000000000000,        10
  1725943046,     160.121534995807991,    3362.712356446962986,0,       2.206228617752614,       0.000000000000000,       0.850000000000000,       0.850000000000000,       0.850000000000000,       0.850000000000000,       0.850000000000000,       0.850000000000000,       0.850000000000000,       0.850000000000000,       0.000000000000000,       0.000000000000000,       0.000000000000000,       0.000000000000000,       0.000000000000000,       0.000000000000000,       0.807411128143504,       0.807411128143504,       0.835985291504618,       0.835985291504618,       0.000249792457565,       0.000249792457565,       0.000797807284359,       0.000797807284359,                   1,                   1,              1,              1,    3362.712356446962986,    3362.712356446962986,       0.535329488780308,       0.535329488780308,    5500.288428091623246,    5500.288428091623246,       0.009446814104914,       0.009446814104914,       0.000000000039346,       0.000000000039346,      52.486981985171425,      52.486981985171425,      -0.333333333333333,      -0.333333333333333,      -0.333333333333333,      -0.333333333333333,      -0.281254257698058,      -0.281254257698058,      -0.281254257698058,      -0.281254257698058,       0.000000000000000,       0.000000000000000,                         0,                         0,       0.000000000000000,       0.000000000000000,       0.000000000000000,       0.000000000000000,       0.371477458865504,   -1315.884139411646856,       0.008000000000000,       0.008000000000000,         0,       0.000000000000000,       0.000000000000000,       0.000000000000000,       0.000000000000000,       0.000000000000000,       0.000000000000000,       0.000000000000000,       0.000000000000000,        0.000000000000000,        0.000000000000000,   71036.918665203818819,   71036.918665203818819,       0.000000000000000,       0.500000000000000,        11
  1725943046,     160.121534995807991,    3362.712356446962986,0,       2.206228617752614,       0.000000000000000,       0.850000000000000,       0.850000000000000,       0.850000000000000,       0.850000000000000,       0.850000000000000,       0.850000000000000,       0.850000000000000,       0.850000000000000,       0.000000000000000,       0.000000000000000,       0.000000000000000,       0.000000000000000,       0.000000000000000,       0.000000000000000,       0.807411128143504,       0.807411128143504,       0.835985291504618,       0.835985291504618,       0.000249792457565,       0.000249792457565,       0.000797807284359,       0.000797807284359,                   1,                   1,              1,              1,    3362.712356446962986,    3362.712356446962986,       0.535329488780308,       0.535329488780308,    5500.288428091623246,    5500.288428091623246,       0.009446814104914,       0.009446814104914,       0.000000000039346,       0.000000000039346,      52.486981985171425,      52.486981985171425,      -0.333333333333333,      -0.333333333333333,      -0.333333333333333,      -0.333333333333333,      -0.281254257698058,      -0.281254257698058,      -0.281254257698058,      -0.281254257698058,       0.000000000000000,       0.000000000000000,                         0,                         0,       0.000000000000000,       0.000000000000000,       0.000000000000000,       0.000000000000000,       0.371562346519017,   -1315.549561072425377,       0.008000000000000,       0.008000000000000,         0,       0.000000000000000,       0.000000000000000,       0.000000000000000,       0.000000000000000,       0.000000000000000,       0.000000000000000,       0.000000000000000,       0.000000000000000,        0.000000000000000,        0.000000000000000,   71036.918665203818819,   71036.918665203818819,       0.000000000000000,       0.500000000000000,        14
  1725943046,     160.121534995807991,    3362.712356446962986,0,       2.206228617752614,       0.000000000000000,       0.850000000000000,       0.850000000000000,       0.850000000000000,       0.850000000000000,       0.850000000000000,       0.850000000000000,       0.850000000000000,       0.850000000000000,       0.000000000000000,       0.000000000000000,       0.000000000000000,       0.000000000000000,       0.000000000000000,       0.000000000000000,       0.807411128143504,       0.807411128143504,       0.835985291504618,       0.835985291504618,       0.000249792457565,       0.000249792457565,       0.000797807284359,       0.000797807284359,                   1,                   1,              1,              1,    3362.712356446962986,    3362.712356446962986,       0.535329488780308,       0.535329488780308,    5500.288428091623246,    5500.288428091623246,       0.009446814104914,       0.009446814104914,       0.000000000039346,       0.000000000039346,      52.486981985171425,      52.486981985171425,      -0.333333333333333,      -0.333333333333333,      -0.333333333333333,      -0.333333333333333,      -0.281254257698058,      -0.281254257698058,      -0.281254257698058,      -0.281254257698058,       0.000000000000000,       0.000000000000000,                         0,                         0,       0.000000000000000,       0.000000000000000,       0.000000000000000,       0.000000000000000,       0.371562346519017,   -1315.549561072425377,       0.008000000000000,       0.008000000000000,         0,       0.000000000000000,       0.000000000000000,       0.000000000000000,       0.000000000000000,       0.000000000000000,       0.000000000000000,       0.000000000000000,       0.000000000000000,        0.000000000000000,        0.000000000000000,   71036.918665203818819,   71036.918665203818819,       0.000000000000000,       0.500000000000000,         3
  1725943046,     160.121534995807991,    3362.712356446962986,0,       2.206228617752614,       0.000000000000000,       0.850000000000000,       0.850000000000000,       0.850000000000000,       0.850000000000000,       0.850000000000000,       0.850000000000000,       0.850000000000000,       0.850000000000000,       0.000000000000000,       0.000000000000000,       0.000000000000000,       0.000000000000000,       0.000000000000000,       0.000000000000000,       0.807411128143504,       0.807411128143504,       0.835985291504618,       0.835985291504618,       0.000249792457565,       0.000249792457565,       0.000797807284359,       0.000797807284359,                   1,                   1,              1,              1,    3362.712356446962986,    3362.712356446962986,       0.535329488780308,       0.535329488780308,    5500.288428091623246,    5500.288428091623246,       0.009446814104914,       0.009446814104914,       0.000000000039346,       0.000000000039346,      52.486981985171425,      52.486981985171425,      -0.333333333333333,      -0.333333333333333,      -0.333333333333333,      -0.333333333333333,      -0.281254257698058,      -0.281254257698058,      -0.281254257698058,      -0.281254257698058,       0.000000000000000,       0.000000000000000,                         0,                         0,       0.000000000000000,       0.000000000000000,       0.000000000000000,       0.000000000000000,       0.371562346519017,   -1315.549561072425377,       0.008000000000000,       0.008000000000000,         0,       0.000000000000000,       0.000000000000000,       0.000000000000000,       0.000000000000000,       0.000000000000000,       0.000000000000000,       0.000000000000000,       0.000000000000000,        0.000000000000000,        0.000000000000000,   71036.918665203818819,   71036.918665203818819,       0.000000000000000,       0.500000000000000,         4
  1725943046,     160.121534995807991,    3522.833891442770891,0,       2.206228617752614,       0.000000000000000,       0.850000000000000,       0.850000000000000,       0.850000000000000,       0.850000000000000,       0.850000000000000,       0.850000000000000,       0.850000000000000,       0.850000000000000,       0.000000000000000,       0.000000000000000,       0.000000000000000,       0.000000000000000,       0.000000000000000,       0.000000000000000,       0.809243869487902,       0.809243869487902,       0.835985291504618,       0.835985291504618,       0.000249792457565,       0.000249792457565,       0.000795098559086,       0.000795098559086,                   1,                   1,              1,              1,    3522.833891442770891,    3522.833891442770891,       0.539795255462226,       0.539795255462226,    5505.478794949025541,    5505.478794949025541,       0.009489749398221,       0.009489749398221,       0.000000000039480,       0.000000000039480,      51.934866364378799,      51.934866364378799,      -0.333333333333333,      -0.333333333333333,      -0.333333333333333,      -0.333333333333333,      -0.281254257698058,      -0.281254257698058,      -0.281254257698058,      -0.281254257698058,       0.000000000000000,       0.000000000000000,                         0,                         0,       0.000000000000000,       0.000000000000000,       0.000000000000000,       0.000000000000000,       0.371562346519017,   -1315.549561072425377,       0.008000000000000,       0.008000000000000,         0,       0.000000000000000,       0.000000000000000,       0.000000000000000,       0.000000000000000,       0.000000000000000,       0.000000000000000,       0.000000000000000,       0.000000000000000,        0.000000000000000,        0.000000000000000,   70541.273926198162371,   70541.273926198162371,       0.000000000000000,       0.500000000000000,         2
  1725943046,     160.121534995807991,    3522.833891442770891,0,       2.206228617752614,       0.000000000000000,       0.850000000000000,       0.850000000000000,       0.850000000000000,       0.850000000000000,       0.850000000000000,       0.850000000000000,       0.850000000000000,       0.850000000000000,       0.000000000000000,       0.000000000000000,       0.000000000000000,       0.000000000000000,       0.000000000000000,       0.000000000000000,       0.809243869487902,       0.809243869487902,       0.835985291504618,       0.835985291504618,       0.000249792457565,       0.000249792457565,       0.000795098559086,       0.000795098559086,                   1,                   1,              1,              1,    3522.833891442770891,    3522.833891442770891,       0.539795255462226,       0.539795255462226,    5505.478794949025541,    5505.478794949025541,       0.009489749398221,       0.009489749398221,       0.000000000039480,       0.000000000039480,      51.934866364378799,      51.934866364378799,      -0.333333333333333,      -0.333333333333333,      -0.333333333333333,      -0.333333333333333,      -0.281254257698058,      -0.281254257698058,      -0.281254257698058,      -0.281254257698058,       0.000000000000000,       0.000000000000000,                         0,                         0,       0.000000000000000,       0.000000000000000,       0.000000000000000,       0.000000000000000,       0.371562346519017,   -1315.549561072425377,       0.008000000000000,       0.008000000000000,         0,       0.000000000000000,       0.000000000000000,       0.000000000000000,       0.000000000000000,       0.000000000000000,       0.000000000000000,       0.000000000000000,       0.000000000000000,        0.000000000000000,        0.000000000000000,   70541.273926198162371,   70541.273926198162371,       0.000000000000000,       0.500000000000000,        10
  1725943046,     160.121534995807991,    3522.833891442770891,0,       2.206228617752614,       0.000000000000000,       0.850000000000000,       0.850000000000000,       0.850000000000000,       0.850000000000000,       0.850000000000000,       0.850000000000000,       0.850000000000000,       0.850000000000000,       0.000000000000000,       0.000000000000000,       0.000000000000000,       0.000000000000000,       0.000000000000000,       0.000000000000000,       0.809243869487902,       0.809243869487902,       0.835985291504618,       0.835985291504618,       0.000249792457565,       0.000249792457565,       0.000795098559086,       0.000795098559086,                   1,                   1,              1,              1,    3522.833891442770891,    3522.833891442770891,       0.539795255462226,       0.539795255462226,    5505.478794949025541,    5505.478794949025541,       0.009489749398221,       0.009489749398221,       0.000000000039480,       0.000000000039480,      51.934866364378799,      51.934866364378799,      -0.333333333333333,      -0.333333333333333,      -0.333333333333333,      -0.333333333333333,      -0.281254257698058,      -0.281254257698058,      -0.281254257698058,      -0.281254257698058,       0.000000000000000,       0.000000000000000,                         0,                         0,       0.000000000000000,       0.000000000000000,       0.000000000000000,       0.000000000000000,       0.371562346519017,   -1315.549561072425377,       0.008000000000000,       0.008000000000000,         0,       0.000000000000000,       0.000000000000000,       0.000000000000000,       0.000000000000000,       0.000000000000000,       0.000000000000000,       0.000000000000000,       0.000000000000000,        0.000000000000000,        0.000000000000000,   70541.273926198162371,   70541.273926198162371,       0.000000000000000,       0.500000000000000,        11
  1725943046,     160.121534995807991,    3522.833891442770891,0,       2.206228617752614,       0.000000000000000,       0.850000000000000,       0.850000000000000,       0.850000000000000,       0.850000000000000,       0.850000000000000,       0.850000000000000,       0.850000000000000,       0.850000000000000,       0.000000000000000,       0.000000000000000,       0.000000000000000,       0.000000000000000,       0.000000000000000,       0.000000000000000,       0.809243869487902,       0.809243869487902,       0.835985291504618,       0.835985291504618,       0.000249792457565,       0.000249792457565,       0.000795098559086,       0.000795098559086,                   1,                   1,              1,              1,    3522.833891442770891,    3522.833891442770891,       0.539795255462226,       0.539795255462226,    5505.478794949025541,    5505.478794949025541,       0.009489749398221,       0.009489749398221,       0.000000000039480,       0.000000000039480,      51.934866364378799,      51.934866364378799,      -0.333333333333333,      -0.333333333333333,      -0.333333333333333,      -0.333333333333333,      -0.281254257698058,      -0.281254257698058,      -0.281254257698058,      -0.281254257698058,       0.000000000000000,       0.000000000000000,                         0,                         0,       0.000000000000000,       0.000000000000000,       0.000000000000000,       0.000000000000000,       0.371648217105630,   -1315.211108575882008,       0.008000000000000,       0.008000000000000,         0,       0.000000000000000,       0.000000000000000,       0.000000000000000,       0.000000000000000,       0.000000000000000,       0.000000000000000,       0.000000000000000,       0.000000000000000,        0.000000000000000,        0.000000000000000,   70541.273926198162371,   70541.273926198162371,       0.000000000000000,       0.500000000000000,        14
  1725943046,     160.121534995807991,    3522.833891442770891,0,       2.206228617752614,       0.000000000000000,       0.850000000000000,       0.850000000000000,       0.850000000000000,       0.850000000000000,       0.850000000000000,       0.850000000000000,       0.850000000000000,       0.850000000000000,       0.000000000000000,       0.000000000000000,       0.000000000000000,       0.000000000000000,       0.000000000000000,       0.000000000000000,       0.809243869487902,       0.809243869487902,       0.835985291504618,       0.835985291504618,       0.000249792457565,       0.000249792457565,       0.000795098559086,       0.000795098559086,                   1,                   1,              1,              1,    3522.833891442770891,    3522.833891442770891,       0.539795255462226,       0.539795255462226,    5505.478794949025541,    5505.478794949025541,       0.009489749398221,       0.009489749398221,       0.000000000039480,       0.000000000039480,      51.934866364378799,      51.934866364378799,      -0.333333333333333,      -0.333333333333333,      -0.333333333333333,      -0.333333333333333,      -0.281254257698058,      -0.281254257698058,      -0.281254257698058,      -0.281254257698058,       0.000000000000000,       0.000000000000000,                         0,                         0,       0.000000000000000,       0.000000000000000,       0.000000000000000,       0.000000000000000,       0.371648217105630,   -1315.211108575882008,       0.008000000000000,       0.008000000000000,         0,       0.000000000000000,       0.000000000000000,       0.000000000000000,       0.000000000000000,       0.000000000000000,       0.000000000000000,       0.000000000000000,       0.000000000000000,        0.000000000000000,        0.000000000000000,   70541.273926198162371,   70541.273926198162371,       0.000000000000000,       0.500000000000000,         3
  1725943046,     160.121534995807991,    3522.833891442770891,0,       2.206228617752614,       0.000000000000000,       0.850000000000000,       0.850000000000000,       0.850000000000000,       0.850000000000000,       0.850000000000000,       0.850000000000000,       0.850000000000000,       0.850000000000000,       0.000000000000000,       0.000000000000000,       0.000000000000000,       0.000000000000000,       0.000000000000000,       0.000000000000000,       0.809243869487902,       0.809243869487902,       0.835985291504618,       0.835985291504618,       0.000249792457565,       0.000249792457565,       0.000795098559086,       0.000795098559086,                   1,                   1,              1,              1,    3522.833891442770891,    3522.833891442770891,       0.539795255462226,       0.539795255462226,    5505.478794949025541,    5505.478794949025541,       0.009489749398221,       0.009489749398221,       0.000000000039480,       0.000000000039480,      51.934866364378799,      51.934866364378799,      -0.333333333333333,      -0.333333333333333,      -0.333333333333333,      -0.333333333333333,      -0.281254257698058,      -0.281254257698058,      -0.281254257698058,      -0.281254257698058,       0.000000000000000,       0.000000000000000,                         0,                         0,       0.000000000000000,       0.000000000000000,       0.000000000000000,       0.000000000000000,       0.371648217105630,   -1315.211108575882008,       0.008000000000000,       0.008000000000000,         0,       0.000000000000000,       0.000000000000000,       0.000000000000000,       0.000000000000000,       0.000000000000000,       0.000000000000000,       0.000000000000000,       0.000000000000000,        0.000000000000000,        0.000000000000000,   70541.273926198162371,   70541.273926198162371,       0.000000000000000,       0.500000000000000,         4
  1725943046,     160.121534995807991,    3682.955426438578797,0,       2.206228617752614,       0.000000000000000,       0.850000000000000,       0.850000000000000,       0.850000000000000,       0.850000000000000,       0.850000000000000,       0.850000000000000,       0.850000000000000,       0.850000000000000,       0.000000000000000,       0.000000000000000,       0.000000000000000,       0.000000000000000,       0.000000000000000,       0.000000000000000,       0.811094199603482,       0.811094199603482,       0.835985291504618,       0.835985291504618,       0.000249792457565,       0.000249792457565,       0.000792379351922,       0.000792379351922,                   1,                   1,              1,              1,    3682.955426438578797,    3682.955426438578797,       0.544345844396266,       0.544345844396266,    5510.748836701928667,    5510.748836701928667,       0.009533195494555,       0.009533195494555,       0.000000000039616,       0.000000000039616,      51.383217115036324,      51.383217115036324,      -0.333333333333333,      -0.333333333333333,      -0.333333333333333,      -0.333333333333333,      -0.281254257698058,      -0.281254257698058,      -0.281254257698058,      -0.281254257698058,       0.000000000000000,       0.000000000000000,                         0,                         0,       0.000000000000000,       0.000000000000000,       0.000000000000000,       0.000000000000000,       0.371648217105630,   -1315.211108575882008,       0.008000000000000,       0.008000000000000,         0,       0.000000000000000,       0.000000000000000,       0.000000000000000,       0.000000000000000,       0.000000000000000,       0.000000000000000,       0.000000000000000,       0.000000000000000,        0.000000000000000,        0.000000000000000,   70029.325836135278223,   70029.325836135278223,       0.000000000000000,       0.500000000000000,         2
  1725943046,     160.121534995807991,    3682.955426438578797,0,       2.206228617752614,       0.000000000000000,       0.850000000000000,       0.850000000000000,       0.850000000000000,       0.850000000000000,       0.850000000000000,       0.850000000000000,       0.850000000000000,       0.850000000000000,       0.000000000000000,       0.000000000000000,       0.000000000000000,       0.000000000000000,       0.000000000000000,       0.000000000000000,       0.811094199603482,       0.811094199603482,       0.835985291504618,       0.835985291504618,       0.000249792457565,       0.000249792457565,       0.000792379351922,       0.000792379351922,                   1,                   1,              1,              1,    3682.955426438578797,    3682.955426438578797,       0.544345844396266,       0.544345844396266,    5510.748836701928667,    5510.748836701928667,       0.009533195494555,       0.009533195494555,       0.000000000039616,       0.000000000039616,      51.383217115036324,      51.383217115036324,      -0.333333333333333,      -0.333333333333333,      -0.333333333333333,      -0.333333333333333,      -0.281254257698058,      -0.281254257698058,      -0.281254257698058,      -0.281254257698058,       0.000000000000000,       0.000000000000000,                         0,                         0,       0.000000000000000,       0.000000000000000,       0.000000000000000,       0.000000000000000,       0.371648217105630,   -1315.211108575882008,       0.008000000000000,       0.008000000000000,         0,       0.000000000000000,       0.000000000000000,       0.000000000000000,       0.000000000000000,       0.000000000000000,       0.000000000000000,       0.000000000000000,       0.000000000000000,        0.000000000000000,        0.000000000000000,   70029.325836135278223,   70029.325836135278223,       0.000000000000000,       0.500000000000000,        10
  1725943046,     160.121534995807991,    3682.955426438578797,0,       2.206228617752614,       0.000000000000000,       0.850000000000000,       0.850000000000000,       0.850000000000000,       0.850000000000000,       0.850000000000000,       0.850000000000000,       0.850000000000000,       0.850000000000000,       0.000000000000000,       0.000000000000000,       0.000000000000000,       0.000000000000000,       0.000000000000000,       0.000000000000000,       0.811094199603482,       0.811094199603482,       0.835985291504618,       0.835985291504618,       0.000249792457565,       0.000249792457565,       0.000792379351922,       0.000792379351922,                   1,                   1,              1,              1,    3682.955426438578797,    3682.955426438578797,       0.544345844396266,       0.544345844396266,    5510.748836701928667,    5510.748836701928667,       0.009533195494555,       0.009533195494555,       0.000000000039616,       0.000000000039616,      51.383217115036324,      51.383217115036324,      -0.333333333333333,      -0.333333333333333,      -0.333333333333333,      -0.333333333333333,      -0.281254257698058,      -0.281254257698058,      -0.281254257698058,      -0.281254257698058,       0.000000000000000,       0.000000000000000,                         0,                         0,       0.000000000000000,       0.000000000000000,       0.000000000000000,       0.000000000000000,       0.371648217105630,   -1315.211108575882008,       0.008000000000000,       0.008000000000000,         0,       0.000000000000000,       0.000000000000000,       0.000000000000000,       0.000000000000000,       0.000000000000000,       0.000000000000000,       0.000000000000000,       0.000000000000000,        0.000000000000000,        0.000000000000000,   70029.325836135278223,   70029.325836135278223,       0.000000000000000,       0.500000000000000,        11
  1725943046,     160.121534995807991,    3682.955426438578797,0,       2.206228617752614,       0.000000000000000,       0.850000000000000,       0.850000000000000,       0.850000000000000,       0.850000000000000,       0.850000000000000,       0.850000000000000,       0.850000000000000,       0.850000000000000,       0.000000000000000,       0.000000000000000,       0.000000000000000,       0.000000000000000,       0.000000000000000,       0.000000000000000,       0.811094199603482,       0.811094199603482,       0.835985291504618,       0.835985291504618,       0.000249792457565,       0.000249792457565,       0.000792379351922,       0.000792379351922,                   1,                   1,              1,              1,    3682.955426438578797,    3682.955426438578797,       0.544345844396266,       0.544345844396266,    5510.748836701928667,    5510.748836701928667,       0.009533195494555,       0.009533195494555,       0.000000000039616,       0.000000000039616,      51.383217115036324,      51.383217115036324,      -0.333333333333333,      -0.333333333333333,      -0.333333333333333,      -0.333333333333333,      -0.281254257698058,      -0.281254257698058,      -0.281254257698058,      -0.281254257698058,       0.000000000000000,       0.000000000000000,                         0,                         0,       0.000000000000000,       0.000000000000000,       0.000000000000000,       0.000000000000000,       0.371735109298299,   -1314.868629495456844,       0.008000000000000,       0.008000000000000,         0,       0.000000000000000,       0.000000000000000,       0.000000000000000,       0.000000000000000,       0.000000000000000,       0.000000000000000,       0.000000000000000,       0.000000000000000,        0.000000000000000,        0.000000000000000,   70029.325836135278223,   70029.325836135278223,       0.000000000000000,       0.500000000000000,        14
  1725943046,     160.121534995807991,    3682.955426438578797,0,       2.206228617752614,       0.000000000000000,       0.850000000000000,       0.850000000000000,       0.850000000000000,       0.850000000000000,       0.850000000000000,       0.850000000000000,       0.850000000000000,       0.850000000000000,       0.000000000000000,       0.000000000000000,       0.000000000000000,       0.000000000000000,       0.000000000000000,       0.000000000000000,       0.811094199603482,       0.811094199603482,       0.835985291504618,       0.835985291504618,       0.000249792457565,       0.000249792457565,       0.000792379351922,       0.000792379351922,                   1,                   1,              1,              1,    3682.955426438578797,    3682.955426438578797,       0.544345844396266,       0.544345844396266,    5510.748836701928667,    5510.748836701928667,       0.009533195494555,       0.009533195494555,       0.000000000039616,       0.000000000039616,      51.383217115036324,      51.383217115036324,      -0.333333333333333,      -0.333333333333333,      -0.333333333333333,      -0.333333333333333,      -0.281254257698058,      -0.281254257698058,      -0.281254257698058,      -0.281254257698058,       0.000000000000000,       0.000000000000000,                         0,                         0,       0.000000000000000,       0.000000000000000,       0.000000000000000,       0.000000000000000,       0.371735109298299,   -1314.868629495456844,       0.008000000000000,       0.008000000000000,         0,       0.000000000000000,       0.000000000000000,       0.000000000000000,       0.000000000000000,       0.000000000000000,       0.000000000000000,       0.000000000000000,       0.000000000000000,        0.000000000000000,        0.000000000000000,   70029.325836135278223,   70029.325836135278223,       0.000000000000000,       0.500000000000000,         3
  1725943046,     160.121534995807991,    3682.955426438578797,0,       2.206228617752614,       0.000000000000000,       0.850000000000000,       0.850000000000000,       0.850000000000000,       0.850000000000000,       0.850000000000000,       0.850000000000000,       0.850000000000000,       0.850000000000000,       0.000000000000000,       0.000000000000000,       0.000000000000000,       0.000000000000000,       0.000000000000000,       0.000000000000000,       0.811094199603482,       0.811094199603482,       0.835985291504618,       0.835985291504618,       0.000249792457565,       0.000249792457565,       0.000792379351922,       0.000792379351922,                   1,                   1,              1,              1,    3682.955426438578797,    3682.955426438578797,       0.544345844396266,       0.544345844396266,    5510.748836701928667,    5510.748836701928667,       0.009533195494555,       0.009533195494555,       0.000000000039616,       0.000000000039616,      51.383217115036324,      51.383217115036324,      -0.333333333333333,      -0.333333333333333,      -0.333333333333333,      -0.333333333333333,      -0.281254257698058,      -0.281254257698058,      -0.281254257698058,      -0.281254257698058,       0.000000000000000,       0.000000000000000,                         0,                         0,       0.000000000000000,       0.000000000000000,       0.000000000000000,       0.000000000000000,       0.371735109298299,   -1314.868629495456844,       0.008000000000000,       0.008000000000000,         0,       0.000000000000000,       0.000000000000000,       0.000000000000000,       0.000000000000000,       0.000000000000000,       0.000000000000000,       0.000000000000000,       0.000000000000000,        0.000000000000000,        0.000000000000000,   70029.325836135278223,   70029.325836135278223,       0.000000000000000,       0.500000000000000,         4
  1725943046,     160.121534995807991,    3843.076961434386703,0,       2.206228617752614,       0.000000000000000,       0.850000000000000,       0.850000000000000,       0.850000000000000,       0.850000000000000,       0.850000000000000,       0.850000000000000,       0.850000000000000,       0.850000000000000,       0.000000000000000,       0.000000000000000,       0.000000000000000,       0.000000000000000,       0.000000000000000,       0.000000000000000,       0.812962833953852,       0.812962833953852,       0.835985291504618,       0.835985291504618,       0.000249792457565,       0.000249792457565,       0.000789648939089,       0.000789648939089,                   1,                   1,              1,              1,    3843.076961434386703,    3843.076961434386703,       0.548982772981031,       0.548982772981031,    5516.096698986520096,    5516.096698986520096,       0.009577172080704,       0.009577172080704,       0.000000000039753,       0.000000000039753,      50.832104634467498,      50.832104634467498,      -0.333333333333333,      -0.333333333333333,      -0.333333333333333,      -0.333333333333333,      -0.281254257698058,      -0.281254257698058,      -0.281254257698058,      -0.281254257698058,       0.000000000000000,       0.000000000000000,                         0,                         0,       0.000000000000000,       0.000000000000000,       0.000000000000000,       0.000000000000000,       0.371735109298299,   -1314.868629495456844,       0.008000000000000,       0.008000000000000,         0,       0.000000000000000,       0.000000000000000,       0.000000000000000,       0.000000000000000,       0.000000000000000,       0.000000000000000,       0.000000000000000,       0.000000000000000,        0.000000000000000,        0.000000000000000,   69501.905624800201622,   69501.905624800201622,       0.000000000000000,       0.500000000000000,         2
  1725943046,     160.121534995807991,    3843.076961434386703,0,       2.206228617752614,       0.000000000000000,       0.850000000000000,       0.850000000000000,       0.850000000000000,       0.850000000000000,       0.850000000000000,       0.850000000000000,       0.850000000000000,       0.850000000000000,       0.000000000000000,       0.000000000000000,       0.000000000000000,       0.000000000000000,       0.000000000000000,       0.000000000000000,       0.812962833953852,       0.812962833953852,       0.835985291504618,       0.835985291504618,       0.000249792457565,       0.000249792457565,       0.000789648939089,       0.000789648939089,                   1,                   1,              1,              1,    3843.076961434386703,    3843.076961434386703,       0.548982772981031,       0.548982772981031,    5516.096698986520096,    5516.096698986520096,       0.009577172080704,       0.009577172080704,       0.000000000039753,       0.000000000039753,      50.832104634467498,      50.832104634467498,      -0.333333333333333,      -0.333333333333333,      -0.333333333333333,      -0.333333333333333,      -0.281254257698058,      -0.281254257698058,      -0.281254257698058,      -0.281254257698058,       0.000000000000000,       0.000000000000000,                         0,                         0,       0.000000000000000,       0.000000000000000,       0.000000000000000,       0.000000000000000,       0.371735109298299,   -1314.868629495456844,       0.008000000000000,       0.008000000000000,         0,       0.000000000000000,       0.000000000000000,       0.000000000000000,       0.000000000000000,       0.000000000000000,       0.000000000000000,       0.000000000000000,       0.000000000000000,        0.000000000000000,        0.000000000000000,   69501.905624800201622,   69501.905624800201622,       0.000000000000000,       0.500000000000000,        10
  1725943046,     160.121534995807991,    3843.076961434386703,0,       2.206228617752614,       0.000000000000000,       0.850000000000000,       0.850000000000000,       0.850000000000000,       0.850000000000000,       0.850000000000000,       0.850000000000000,       0.850000000000000,       0.850000000000000,       0.000000000000000,       0.000000000000000,       0.000000000000000,       0.000000000000000,       0.000000000000000,       0.000000000000000,       0.812962833953852,       0.812962833953852,       0.835985291504618,       0.835985291504618,       0.000249792457565,       0.000249792457565,       0.000789648939089,       0.000789648939089,                   1,                   1,              1,              1,    3843.076961434386703,    3843.076961434386703,       0.548982772981031,       0.548982772981031,    5516.096698986520096,    5516.096698986520096,       0.009577172080704,       0.009577172080704,       0.000000000039753,       0.000000000039753,      50.832104634467498,      50.832104634467498,      -0.333333333333333,      -0.333333333333333,      -0.333333333333333,      -0.333333333333333,      -0.281254257698058,      -0.281254257698058,      -0.281254257698058,      -0.281254257698058,       0.000000000000000,       0.000000000000000,                         0,                         0,       0.000000000000000,       0.000000000000000,       0.000000000000000,       0.000000000000000,       0.371735109298299,   -1314.868629495456844,       0.008000000000000,       0.008000000000000,         0,       0.000000000000000,       0.000000000000000,       0.000000000000000,       0.000000000000000,       0.000000000000000,       0.000000000000000,       0.000000000000000,       0.000000000000000,        0.000000000000000,        0.000000000000000,   69501.905624800201622,   69501.905624800201622,       0.000000000000000,       0.500000000000000,        11
  1725943046,     160.121534995807991,    3843.076961434386703,0,       2.206228617752614,       0.000000000000000,       0.850000000000000,       0.850000000000000,       0.850000000000000,       0.850000000000000,       0.850000000000000,       0.850000000000000,       0.850000000000000,       0.850000000000000,       0.000000000000000,       0.000000000000000,       0.000000000000000,       0.000000000000000,       0.000000000000000,       0.000000000000000,       0.812962833953852,       0.812962833953852,       0.835985291504618,       0.835985291504618,       0.000249792457565,       0.000249792457565,       0.000789648939089,       0.000789648939089,                   1,                   1,              1,              1,    3843.076961434386703,    3843.076961434386703,       0.548982772981031,       0.548982772981031,    5516.096698986520096,    5516.096698986520096,       0.009577172080704,       0.009577172080704,       0.000000000039753,       0.000000000039753,      50.832104634467498,      50.832104634467498,      -0.333333333333333,      -0.333333333333333,      -0.333333333333333,      -0.333333333333333,      -0.281254257698058,      -0.281254257698058,      -0.281254257698058,      -0.281254257698058,       0.000000000000000,       0.000000000000000,                         0,                         0,       0.000000000000000,       0.000000000000000,       0.000000000000000,       0.000000000000000,       0.371823062470597,   -1314.521968643153514,       0.008000000000000,       0.008000000000000,         0,       0.000000000000000,       0.000000000000000,       0.000000000000000,       0.000000000000000,       0.000000000000000,       0.000000000000000,       0.000000000000000,       0.000000000000000,        0.000000000000000,        0.000000000000000,   69501.905624800201622,   69501.905624800201622,       0.000000000000000,       0.500000000000000,        14
  1725943046,     160.121534995807991,    3843.076961434386703,0,       2.206228617752614,       0.000000000000000,       0.850000000000000,       0.850000000000000,       0.850000000000000,       0.850000000000000,       0.850000000000000,       0.850000000000000,       0.850000000000000,       0.850000000000000,       0.000000000000000,       0.000000000000000,       0.000000000000000,       0.000000000000000,       0.000000000000000,       0.000000000000000,       0.812962833953852,       0.812962833953852,       0.835985291504618,       0.835985291504618,       0.000249792457565,       0.000249792457565,       0.000789648939089,       0.000789648939089,                   1,                   1,              1,              1,    3843.076961434386703,    3843.076961434386703,       0.548982772981031,       0.548982772981031,    5516.096698986520096,    5516.096698986520096,       0.009577172080704,       0.009577172080704,       0.000000000039753,       0.000000000039753,      50.832104634467498,      50.832104634467498,      -0.333333333333333,      -0.333333333333333,      -0.333333333333333,      -0.333333333333333,      -0.281254257698058,      -0.281254257698058,      -0.281254257698058,      -0.281254257698058,       0.000000000000000,       0.000000000000000,                         0,                         0,       0.000000000000000,       0.000000000000000,       0.000000000000000,       0.000000000000000,       0.371823062470597,   -1314.521968643153514,       0.008000000000000,       0.008000000000000,         0,       0.000000000000000,       0.000000000000000,       0.000000000000000,       0.000000000000000,       0.000000000000000,       0.000000000000000,       0.000000000000000,       0.000000000000000,        0.000000000000000,        0.000000000000000,   69501.905624800201622,   69501.905624800201622,       0.000000000000000,       0.500000000000000,         3
  1725943046,     160.121534995807991,    3843.076961434386703,0,       2.206228617752614,       0.000000000000000,       0.850000000000000,       0.850000000000000,       0.850000000000000,       0.850000000000000,       0.850000000000000,       0.850000000000000,       0.850000000000000,       0.850000000000000,       0.000000000000000,       0.000000000000000,       0.000000000000000,       0.000000000000000,       0.000000000000000,       0.000000000000000,       0.812962833953852,       0.812962833953852,       0.835985291504618,       0.835985291504618,       0.000249792457565,       0.000249792457565,       0.000789648939089,       0.000789648939089,                   1,                   1,              1,              1,    3843.076961434386703,    3843.076961434386703,       0.548982772981031,       0.548982772981031,    5516.096698986520096,    5516.096698986520096,       0.009577172080704,       0.009577172080704,       0.000000000039753,       0.000000000039753,      50.832104634467498,      50.832104634467498,      -0.333333333333333,      -0.333333333333333,      -0.333333333333333,      -0.333333333333333,      -0.281254257698058,      -0.281254257698058,      -0.281254257698058,      -0.281254257698058,       0.000000000000000,       0.000000000000000,                         0,                         0,       0.000000000000000,       0.000000000000000,       0.000000000000000,       0.000000000000000,       0.371823062470597,   -1314.521968643153514,       0.008000000000000,       0.008000000000000,         0,       0.000000000000000,       0.000000000000000,       0.000000000000000,       0.000000000000000,       0.000000000000000,       0.000000000000000,       0.000000000000000,       0.000000000000000,        0.000000000000000,        0.000000000000000,   69501.905624800201622,   69501.905624800201622,       0.000000000000000,       0.500000000000000,         4
  1725943046,     160.121534995807991,    4003.198496430194609,0,       2.206228617752614,       0.000000000000000,       0.850000000000000,       0.850000000000000,       0.850000000000000,       0.850000000000000,       0.850000000000000,       0.850000000000000,       0.850000000000000,       0.850000000000000,       0.000000000000000,       0.000000000000000,       0.000000000000000,       0.000000000000000,       0.000000000000000,       0.000000000000000,       0.814850495662516,       0.814850495662516,       0.835985291504618,       0.835985291504618,       0.000249792457565,       0.000249792457565,       0.000786906608181,       0.000786906608181,                   1,                   1,              1,              1,    4003.198496430194609,    4003.198496430194609,       0.553707595582284,       0.553707595582284,    5521.520523069159026,    5521.520523069159026,       0.009621699207724,       0.009621699207724,       0.000000000039891,       0.000000000039891,      50.281599485116828,      50.281599485116828,      -0.333333333333333,      -0.333333333333333,      -0.333333333333333,      -0.333333333333333,      -0.281254257698058,      -0.281254257698058,      -0.281254257698058,      -0.281254257698058,       0.000000000000000,       0.000000000000000,                         0,                         0,       0.000000000000000,       0.000000000000000,       0.000000000000000,       0.000000000000000,       0.371823062470597,   -1314.521968643153514,       0.008000000000000,       0.008000000000000,         0,       0.000000000000000,       0.000000000000000,       0.000000000000000,       0.000000000000000,       0.000000000000000,       0.000000000000000,       0.000000000000000,       0.000000000000000,        0.000000000000000,        0.000000000000000,   68959.843953932315344,   68959.843953932315344,       0.000000000000000,       0.500000000000000,         2
  1725943046,     160.121534995807991,    4003.198496430194609,0,       2.206228617752614,       0.000000000000000,       0.850000000000000,       0.850000000000000,       0.850000000000000,       0.850000000000000,       0.850000000000000,       0.850000000000000,       0.850000000000000,       0.850000000000000,       0.000000000000000,       0.000000000000000,       0.000000000000000,       0.000000000000000,       0.000000000000000,       0.000000000000000,       0.814850495662516,       0.814850495662516,       0.835985291504618,       0.835985291504618,       0.000249792457565,       0.000249792457565,       0.000786906608181,       0.000786906608181,                   1,                   1,              1,              1,    4003.198496430194609,    4003.198496430194609,       0.553707595582284,       0.553707595582284,    5521.520523069159026,    5521.520523069159026,       0.009621699207724,       0.009621699207724,       0.000000000039891,       0.000000000039891,      50.281599485116828,      50.281599485116828,      -0.333333333333333,      -0.333333333333333,      -0.333333333333333,      -0.333333333333333,      -0.281254257698058,      -0.281254257698058,      -0.281254257698058,      -0.281254257698058,       0.000000000000000,       0.000000000000000,                         0,                         0,       0.000000000000000,       0.000000000000000,       0.000000000000000,       0.000000000000000,       0.371823062470597,   -1314.521968643153514,       0.008000000000000,       0.008000000000000,         0,       0.000000000000000,       0.000000000000000,       0.000000000000000,       0.000000000000000,       0.000000000000000,       0.000000000000000,       0.000000000000000,       0.000000000000000,        0.000000000000000,        0.000000000000000,   68959.843953932315344,   68959.843953932315344,       0.000000000000000,       0.500000000000000,        10
  1725943046,     160.121534995807991,    4003.198496430194609,0,       2.206228617752614,       0.000000000000000,       0.850000000000000,       0.850000000000000,       0.850000000000000,       0.850000000000000,       0.850000000000000,       0.850000000000000,       0.850000000000000,       0.850000000000000,       0.000000000000000,       0.000000000000000,       0.000000000000000,       0.000000000000000,       0.000000000000000,       0.000000000000000,       0.814850495662516,       0.814850495662516,       0.835985291504618,       0.835985291504618,       0.000249792457565,       0.000249792457565,       0.000786906608181,       0.000786906608181,                   1,                   1,              1,              1,    4003.198496430194609,    4003.198496430194609,       0.553707595582284,       0.553707595582284,    5521.520523069159026,    5521.520523069159026,       0.009621699207724,       0.009621699207724,       0.000000000039891,       0.000000000039891,      50.281599485116828,      50.281599485116828,      -0.333333333333333,      -0.333333333333333,      -0.333333333333333,      -0.333333333333333,      -0.281254257698058,      -0.281254257698058,      -0.281254257698058,      -0.281254257698058,       0.000000000000000,       0.000000000000000,                         0,                         0,       0.000000000000000,       0.000000000000000,       0.000000000000000,       0.000000000000000,       0.371823062470597,   -1314.521968643153514,       0.008000000000000,       0.008000000000000,         0,       0.000000000000000,       0.000000000000000,       0.000000000000000,       0.000000000000000,       0.000000000000000,       0.000000000000000,       0.000000000000000,       0.000000000000000,        0.000000000000000,        0.000000000000000,   68959.843953932315344,   68959.843953932315344,       0.000000000000000,       0.500000000000000,        11
  1725943046,     160.121534995807991,    4003.198496430194609,0,       2.206228617752614,       0.000000000000000,       0.850000000000000,       0.850000000000000,       0.850000000000000,       0.850000000000000,       0.850000000000000,       0.850000000000000,       0.850000000000000,       0.850000000000000,       0.000000000000000,       0.000000000000000,       0.000000000000000,       0.000000000000000,       0.000000000000000,       0.000000000000000,       0.814850495662516,       0.814850495662516,       0.835985291504618,       0.835985291504618,       0.000249792457565,       0.000249792457565,       0.000786906608181,       0.000786906608181,                   1,                   1,              1,              1,    4003.198496430194609,    4003.198496430194609,       0.553707595582284,       0.553707595582284,    5521.520523069159026,    5521.520523069159026,       0.009621699207724,       0.009621699207724,       0.000000000039891,       0.000000000039891,      50.281599485116828,      50.281599485116828,      -0.333333333333333,      -0.333333333333333,      -0.333333333333333,      -0.333333333333333,      -0.281254257698058,      -0.281254257698058,      -0.281254257698058,      -0.281254257698058,       0.000000000000000,       0.000000000000000,                         0,                         0,       0.000000000000000,       0.000000000000000,       0.000000000000000,       0.000000000000000,       0.371912116724636,   -1314.170967959495556,       0.008000000000000,       0.008000000000000,         0,       0.000000000000000,       0.000000000000000,       0.000000000000000,       0.000000000000000,       0.000000000000000,       0.000000000000000,       0.000000000000000,       0.000000000000000,        0.000000000000000,        0.000000000000000,   68959.843953932315344,   68959.843953932315344,       0.000000000000000,       0.500000000000000,        14
  1725943046,     160.121534995807991,    4003.198496430194609,0,       2.206228617752614,       0.000000000000000,       0.850000000000000,       0.850000000000000,       0.850000000000000,       0.850000000000000,       0.850000000000000,       0.850000000000000,       0.850000000000000,       0.850000000000000,       0.000000000000000,       0.000000000000000,       0.000000000000000,       0.000000000000000,       0.000000000000000,       0.000000000000000,       0.814850495662516,       0.814850495662516,       0.835985291504618,       0.835985291504618,       0.000249792457565,       0.000249792457565,       0.000786906608181,       0.000786906608181,                   1,                   1,              1,              1,    4003.198496430194609,    4003.198496430194609,       0.553707595582284,       0.553707595582284,    5521.520523069159026,    5521.520523069159026,       0.009621699207724,       0.009621699207724,       0.000000000039891,       0.000000000039891,      50.281599485116828,      50.281599485116828,      -0.333333333333333,      -0.333333333333333,      -0.333333333333333,      -0.333333333333333,      -0.281254257698058,      -0.281254257698058,      -0.281254257698058,      -0.281254257698058,       0.000000000000000,       0.000000000000000,                         0,                         0,       0.000000000000000,       0.000000000000000,       0.000000000000000,       0.000000000000000,       0.371912116724636,   -1314.170967959495556,       0.008000000000000,       0.008000000000000,         0,       0.000000000000000,       0.000000000000000,       0.000000000000000,       0.000000000000000,       0.000000000000000,       0.000000000000000,       0.000000000000000,       0.000000000000000,        0.000000000000000,        0.000000000000000,   68959.843953932315344,   68959.843953932315344,       0.000000000000000,       0.500000000000000,         3
  1725943046,     160.121534995807991,    4003.198496430194609,0,       2.206228617752614,       0.000000000000000,       0.850000000000000,       0.850000000000000,       0.850000000000000,       0.850000000000000,       0.850000000000000,       0.850000000000000,       0.850000000000000,       0.850000000000000,       0.000000000000000,       0.000000000000000,       0.000000000000000,       0.000000000000000,       0.000000000000000,       0.000000000000000,       0.814850495662516,       0.814850495662516,       0.835985291504618,       0.835985291504618,       0.000249792457565,       0.000249792457565,       0.000786906608181,       0.000786906608181,                   1,                   1,              1,              1,    4003.198496430194609,    4003.198496430194609,       0.553707595582284,       0.553707595582284,    5521.520523069159026,    5521.520523069159026,       0.009621699207724,       0.009621699207724,       0.000000000039891,       0.000000000039891,      50.281599485116828,      50.281599485116828,      -0.333333333333333,      -0.333333333333333,      -0.333333333333333,      -0.333333333333333,      -0.281254257698058,      -0.281254257698058,      -0.281254257698058,      -0.281254257698058,       0.000000000000000,       0.000000000000000,                         0,                         0,       0.000000000000000,       0.000000000000000,       0.000000000000000,       0.000000000000000,       0.371912116724636,   -1314.170967959495556,       0.008000000000000,       0.008000000000000,         0,       0.000000000000000,       0.000000000000000,       0.000000000000000,       0.000000000000000,       0.000000000000000,       0.000000000000000,       0.000000000000000,       0.000000000000000,        0.000000000000000,        0.000000000000000,   68959.843953932315344,   68959.843953932315344,       0.000000000000000,       0.500000000000000,         4
  1725943046,     160.121534995807991,    4163.320031426002970,0,       2.206228617752614,       0.000000000000000,       0.850000000000000,       0.850000000000000,       0.850000000000000,       0.850000000000000,       0.850000000000000,       0.850000000000000,       0.850000000000000,       0.850000000000000,       0.000000000000000,       0.000000000000000,       0.000000000000000,       0.000000000000000,       0.000000000000000,       0.000000000000000,       0.816757915920788,       0.816757915920788,       0.835985291504618,       0.835985291504618,       0.000249792457565,       0.000249792457565,       0.000784151657940,       0.000784151657940,                   1,                   1,              1,              1,    4163.320031426002970,    4163.320031426002970,       0.558521904816700,       0.558521904816700,    5527.018445667637025,    5527.018445667637025,       0.009666797306582,       0.009666797306582,       0.000000000040031,       0.000000000040031,      49.731772319607991,      49.731772319607991,      -0.333333333333333,      -0.333333333333333,      -0.333333333333333,      -0.333333333333333,      -0.281254257698058,      -0.281254257698058,      -0.281254257698058,      -0.281254257698058,       0.000000000000000,       0.000000000000000,                         0,                         0,       0.000000000000000,       0.000000000000000,       0.000000000000000,       0.000000000000000,       0.371912116724636,   -1314.170967959495556,       0.008000000000000,       0.008000000000000,         0,       0.000000000000000,       0.000000000000000,       0.000000000000000,       0.000000000000000,       0.000000000000000,       0.000000000000000,       0.000000000000000,       0.000000000000000,        0.000000000000000,        0.000000000000000,   68403.966871862590779,   68403.966871862590779,       0.000000000000000,       0.500000000000000,         2
  1725943046,     160.121534995807991,    4163.320031426002970,0,       2.206228617752614,       0.000000000000000,       0.850000000000000,       0.850000000000000,       0.850000000000000,       0.850000000000000,       0.850000000000000,       0.850000000000000,       0.850000000000000,       0.850000000000000,       0.000000000000000,       0.000000000000000,       0.000000000000000,       0.000000000000000,       0.000000000000000,       0.000000000000000,       0.816757915920788,       0.816757915920788,       0.835985291504618,       0.835985291504618,       0.000249792457565,       0.000249792457565,       0.000784151657940,       0.000784151657940,                   1,                   1,              1,              1,    4163.320031426002970,    4163.320031426002970,       0.558521904816700,       0.558521904816700,    5527.018445667637025,    5527.018445667637025,       0.009666797306582,       0.009666797306582,       0.000000000040031,       0.000000000040031,      49.731772319607991,      49.731772319607991,      -0.333333333333333,      -0.333333333333333,      -0.333333333333333,      -0.333333333333333,      -0.281254257698058,      -0.281254257698058,      -0.281254257698058,      -0.281254257698058,       0.000000000000000,       0.000000000000000,                         0,                         0,       0.000000000000000,       0.000000000000000,       0.000000000000000,       0.000000000000000,       0.371912116724636,   -1314.170967959495556,       0.008000000000000,       0.008000000000000,         0,       0.000000000000000,       0.000000000000000,       0.000000000000000,       0.000000000000000,       0.000000000000000,       0.000000000000000,       0.000000000000000,       0.000000000000000,        0.000000000000000,        0.000000000000000,   68403.966871862590779,   68403.966871862590779,       0.000000000000000,       0.500000000000000,        10
  1725943046,     160.121534995807991,    4163.320031426002970,0,       2.206228617752614,       0.000000000000000,       0.850000000000000,       0.850000000000000,       0.850000000000000,       0.850000000000000,       0.850000000000000,       0.850000000000000,       0.850000000000000,       0.850000000000000,       0.000000000000000,       0.000000000000000,       0.000000000000000,       0.000000000000000,       0.000000000000000,       0.000000000000000,       0.816757915920788,       0.816757915920788,       0.835985291504618,       0.835985291504618,       0.000249792457565,       0.000249792457565,       0.000784151657940,       0.000784151657940,                   1,                   1,              1,              1,    4163.320031426002970,    4163.320031426002970,       0.558521904816700,       0.558521904816700,    5527.018445667637025,    5527.018445667637025,       0.009666797306582,       0.009666797306582,       0.000000000040031,       0.000000000040031,      49.731772319607991,      49.731772319607991,      -0.333333333333333,      -0.333333333333333,      -0.333333333333333,      -0.333333333333333,      -0.281254257698058,      -0.281254257698058,      -0.281254257698058,      -0.281254257698058,       0.000000000000000,       0.000000000000000,                         0,                         0,       0.000000000000000,       0.000000000000000,       0.000000000000000,       0.000000000000000,       0.371912116724636,   -1314.170967959495556,       0.008000000000000,       0.008000000000000,         0,       0.000000000000000,       0.000000000000000,       0.000000000000000,       0.000000000000000,       0.000000000000000,       0.000000000000000,       0.000000000000000,       0.000000000000000,        0.000000000000000,        0.000000000000000,   68403.966871862590779,   68403.966871862590779,       0.000000000000000,       0.500000000000000,        11
  1725943046,     160.121534995807991,    4163.320031426002970,0,       2.206228617752614,       0.000000000000000,       0.850000000000000,       0.850000000000000,       0.850000000000000,       0.850000000000000,       0.850000000000000,       0.850000000000000,       0.850000000000000,       0.850000000000000,       0.000000000000000,       0.000000000000000,       0.000000000000000,       0.000000000000000,       0.000000000000000,       0.000000000000000,       0.816757915920788,       0.816757915920788,       0.835985291504618,       0.835985291504618,       0.000249792457565,       0.000249792457565,       0.000784151657940,       0.000784151657940,                   1,                   1,              1,              1,    4163.320031426002970,    4163.320031426002970,       0.558521904816700,       0.558521904816700,    5527.018445667637025,    5527.018445667637025,       0.009666797306582,       0.009666797306582,       0.000000000040031,       0.000000000040031,      49.731772319607991,      49.731772319607991,      -0.333333333333333,      -0.333333333333333,      -0.333333333333333,      -0.333333333333333,      -0.281254257698058,      -0.281254257698058,      -0.281254257698058,      -0.281254257698058,       0.000000000000000,       0.000000000000000,                         0,                         0,       0.000000000000000,       0.000000000000000,       0.000000000000000,       0.000000000000000,       0.372002312922353,   -1313.815466390216216,       0.008000000000000,       0.008000000000000,         0,       0.000000000000000,       0.000000000000000,       0.000000000000000,       0.000000000000000,       0.000000000000000,       0.000000000000000,       0.000000000000000,       0.000000000000000,        0.000000000000000,        0.000000000000000,   68403.966871862590779,   68403.966871862590779,       0.000000000000000,       0.500000000000000,        14
  1725943046,     160.121534995807991,    4163.320031426002970,0,       2.206228617752614,       0.000000000000000,       0.850000000000000,       0.850000000000000,       0.850000000000000,       0.850000000000000,       0.850000000000000,       0.850000000000000,       0.850000000000000,       0.850000000000000,       0.000000000000000,       0.000000000000000,       0.000000000000000,       0.000000000000000,       0.000000000000000,       0.000000000000000,       0.816757915920788,       0.816757915920788,       0.835985291504618,       0.835985291504618,       0.000249792457565,       0.000249792457565,       0.000784151657940,       0.000784151657940,                   1,                   1,              1,              1,    4163.320031426002970,    4163.320031426002970,       0.558521904816700,       0.558521904816700,    5527.018445667637025,    5527.018445667637025,       0.009666797306582,       0.009666797306582,       0.000000000040031,       0.000000000040031,      49.731772319607991,      49.731772319607991,      -0.333333333333333,      -0.333333333333333,      -0.333333333333333,      -0.333333333333333,      -0.281254257698058,      -0.281254257698058,      -0.281254257698058,      -0.281254257698058,       0.000000000000000,       0.000000000000000,                         0,                         0,       0.000000000000000,       0.000000000000000,       0.000000000000000,       0.000000000000000,       0.372002312922353,   -1313.815466390216216,       0.008000000000000,       0.008000000000000,         0,       0.000000000000000,       0.000000000000000,       0.000000000000000,       0.000000000000000,       0.000000000000000,       0.000000000000000,       0.000000000000000,       0.000000000000000,        0.000000000000000,        0.000000000000000,   68403.966871862590779,   68403.966871862590779,       0.000000000000000,       0.500000000000000,         3
  1725943046,     160.121534995807991,    4163.320031426002970,0,       2.206228617752614,       0.000000000000000,       0.850000000000000,       0.850000000000000,       0.850000000000000,       0.850000000000000,       0.850000000000000,       0.850000000000000,       0.850000000000000,       0.850000000000000,       0.000000000000000,       0.000000000000000,       0.000000000000000,       0.000000000000000,       0.000000000000000,       0.000000000000000,       0.816757915920788,       0.816757915920788,       0.835985291504618,       0.835985291504618,       0.000249792457565,       0.000249792457565,       0.000784151657940,       0.000784151657940,                   1,                   1,              1,              1,    4163.320031426002970,    4163.320031426002970,       0.558521904816700,       0.558521904816700,    5527.018445667637025,    5527.018445667637025,       0.009666797306582,       0.009666797306582,       0.000000000040031,       0.000000000040031,      49.731772319607991,      49.731772319607991,      -0.333333333333333,      -0.333333333333333,      -0.333333333333333,      -0.333333333333333,      -0.281254257698058,      -0.281254257698058,      -0.281254257698058,      -0.281254257698058,       0.000000000000000,       0.000000000000000,                         0,                         0,       0.000000000000000,       0.000000000000000,       0.000000000000000,       0.000000000000000,       0.372002312922353,   -1313.815466390216216,       0.008000000000000,       0.008000000000000,         0,       0.000000000000000,       0.000000000000000,       0.000000000000000,       0.000000000000000,       0.000000000000000,       0.000000000000000,       0.000000000000000,       0.000000000000000,        0.000000000000000,        0.000000000000000,   68403.966871862590779,   68403.966871862590779,       0.000000000000000,       0.500000000000000,         4
  1725943046,     160.121534995807991,    4323.441566421811331,0,       2.206228617752614,       0.000000000000000,       0.850000000000000,       0.850000000000000,       0.850000000000000,       0.850000000000000,       0.850000000000000,       0.850000000000000,       0.850000000000000,       0.850000000000000,       0.000000000000000,       0.000000000000000,       0.000000000000000,       0.000000000000000,       0.000000000000000,       0.000000000000000,       0.818685834463041,       0.818685834463041,       0.835985291504618,       0.835985291504618,       0.000249792457565,       0.000249792457565,       0.000781383397967,       0.000781383397967,                   1,                   1,              1,              1,    4323.441566421811331,    4323.441566421811331,       0.563427332969426,       0.563427332969426,    5532.588598801326043,    5532.588598801326043,       0.009712487205753,       0.009712487205753,       0.000000000040173,       0.000000000040173,      49.182693797606731,      49.182693797606731,      -0.333333333333333,      -0.333333333333333,      -0.333333333333333,      -0.333333333333333,      -0.281254257698058,      -0.281254257698058,      -0.281254257698058,      -0.281254257698058,       0.000000000000000,       0.000000000000000,                         0,                         0,       0.000000000000000,       0.000000000000000,       0.000000000000000,       0.000000000000000,       0.372002312922353,   -1313.815466390216216,       0.008000000000000,       0.008000000000000,         0,       0.000000000000000,       0.000000000000000,       0.000000000000000,       0.000000000000000,       0.000000000000000,       0.000000000000000,       0.000000000000000,       0.000000000000000,        0.000000000000000,        0.000000000000000,   67835.091758785012644,   67835.091758785012644,       0.000000000000000,       0.500000000000000,         2
  1725943046,     160.121534995807991,    4323.441566421811331,0,       2.206228617752614,       0.000000000000000,       0.850000000000000,       0.850000000000000,       0.850000000000000,       0.850000000000000,       0.850000000000000,       0.850000000000000,       0.850000000000000,       0.850000000000000,       0.000000000000000,       0.000000000000000,       0.000000000000000,       0.000000000000000,       0.000000000000000,       0.000000000000000,       0.818685834463041,       0.818685834463041,       0.835985291504618,       0.835985291504618,       0.000249792457565,       0.000249792457565,       0.000781383397967,       0.000781383397967,                   1,                   1,              1,              1,    4323.441566421811331,    4323.441566421811331,       0.563427332969426,       0.563427332969426,    5532.588598801326043,    5532.588598801326043,       0.009712487205753,       0.009712487205753,       0.000000000040173,       0.000000000040173,      49.182693797606731,      49.182693797606731,      -0.333333333333333,      -0.333333333333333,      -0.333333333333333,      -0.333333333333333,      -0.281254257698058,      -0.281254257698058,      -0.281254257698058,      -0.281254257698058,       0.000000000000000,       0.000000000000000,                         0,                         0,       0.000000000000000,       0.000000000000000,       0.000000000000000,       0.000000000000000,       0.372002312922353,   -1313.815466390216216,       0.008000000000000,       0.008000000000000,         0,       0.000000000000000,       0.000000000000000,       0.000000000000000,       0.000000000000000,       0.000000000000000,       0.000000000000000,       0.000000000000000,       0.000000000000000,        0.000000000000000,        0.000000000000000,   67835.091758785012644,   67835.091758785012644,       0.000000000000000,       0.500000000000000,        10
  1725943046,     160.121534995807991,    4323.441566421811331,0,       2.206228617752614,       0.000000000000000,       0.850000000000000,       0.850000000000000,       0.850000000000000,       0.850000000000000,       0.850000000000000,       0.850000000000000,       0.850000000000000,       0.850000000000000,       0.000000000000000,       0.000000000000000,       0.000000000000000,       0.000000000000000,       0.000000000000000,       0.000000000000000,       0.818685834463041,       0.818685834463041,       0.835985291504618,       0.835985291504618,       0.000249792457565,       0.000249792457565,       0.000781383397967,       0.000781383397967,                   1,                   1,              1,              1,    4323.441566421811331,    4323.441566421811331,       0.563427332969426,       0.563427332969426,    5532.588598801326043,    5532.588598801326043,       0.009712487205753,       0.009712487205753,       0.000000000040173,       0.000000000040173,      49.182693797606731,      49.182693797606731,      -0.333333333333333,      -0.333333333333333,      -0.333333333333333,      -0.333333333333333,      -0.281254257698058,      -0.281254257698058,      -0.281254257698058,      -0.281254257698058,       0.000000000000000,       0.000000000000000,                         0,                         0,       0.000000000000000,       0.000000000000000,       0.000000000000000,       0.000000000000000,       0.372002312922353,   -1313.815466390216216,       0.008000000000000,       0.008000000000000,         0,       0.000000000000000,       0.000000000000000,       0.000000000000000,       0.000000000000000,       0.000000000000000,       0.000000000000000,       0.000000000000000,       0.000000000000000,        0.000000000000000,        0.000000000000000,   67835.091758785012644,   67835.091758785012644,       0.000000000000000,       0.500000000000000,        11
  1725943046,     160.121534995807991,    4323.441566421811331,0,       2.206228617752614,       0.000000000000000,       0.850000000000000,       0.850000000000000,       0.850000000000000,       0.850000000000000,       0.850000000000000,       0.850000000000000,       0.850000000000000,       0.850000000000000,       0.000000000000000,       0.000000000000000,       0.000000000000000,       0.000000000000000,       0.000000000000000,       0.000000000000000,       0.818685834463041,       0.818685834463041,       0.835985291504618,       0.835985291504618,       0.000249792457565,       0.000249792457565,       0.000781383397967,       0.000781383397967,                   1,                   1,              1,              1,    4323.441566421811331,    4323.441566421811331,       0.563427332969426,       0.563427332969426,    5532.588598801326043,    5532.588598801326043,       0.009712487205753,       0.009712487205753,       0.000000000040173,       0.000000000040173,      49.182693797606731,      49.182693797606731,      -0.333333333333333,      -0.333333333333333,      -0.333333333333333,      -0.333333333333333,      -0.281254257698058,      -0.281254257698058,      -0.281254257698058,      -0.281254257698058,       0.000000000000000,       0.000000000000000,                         0,                         0,       0.000000000000000,       0.000000000000000,       0.000000000000000,       0.000000000000000,       0.372093692720694,   -1313.455299747572781,       0.008000000000000,       0.008000000000000,         0,       0.000000000000000,       0.000000000000000,       0.000000000000000,       0.000000000000000,       0.000000000000000,       0.000000000000000,       0.000000000000000,       0.000000000000000,        0.000000000000000,        0.000000000000000,   67835.091758785012644,   67835.091758785012644,       0.000000000000000,       0.500000000000000,        14
  1725943046,     160.121534995807991,    4323.441566421811331,0,       2.206228617752614,       0.000000000000000,       0.850000000000000,       0.850000000000000,       0.850000000000000,       0.850000000000000,       0.850000000000000,       0.850000000000000,       0.850000000000000,       0.850000000000000,       0.000000000000000,       0.000000000000000,       0.000000000000000,       0.000000000000000,       0.000000000000000,       0.000000000000000,       0.818685834463041,       0.818685834463041,       0.835985291504618,       0.835985291504618,       0.000249792457565,       0.000249792457565,       0.000781383397967,       0.000781383397967,                   1,                   1,              1,              1,    4323.441566421811331,    4323.441566421811331,       0.563427332969426,       0.563427332969426,    5532.588598801326043,    5532.588598801326043,       0.009712487205753,       0.009712487205753,       0.000000000040173,       0.000000000040173,      49.182693797606731,      49.182693797606731,      -0.333333333333333,      -0.333333333333333,      -0.333333333333333,      -0.333333333333333,      -0.281254257698058,      -0.281254257698058,      -0.281254257698058,      -0.281254257698058,       0.000000000000000,       0.000000000000000,                         0,                         0,       0.000000000000000,       0.000000000000000,       0.000000000000000,       0.000000000000000,       0.372093692720694,   -1313.455299747572781,       0.008000000000000,       0.008000000000000,         0,       0.000000000000000,       0.000000000000000,       0.000000000000000,       0.000000000000000,       0.000000000000000,       0.000000000000000,       0.000000000000000,       0.000000000000000,        0.000000000000000,        0.000000000000000,   67835.091758785012644,   67835.091758785012644,       0.000000000000000,       0.500000000000000,         3
  1725943046,     160.121534995807991,    4323.441566421811331,0,       2.206228617752614,       0.000000000000000,       0.850000000000000,       0.850000000000000,       0.850000000000000,       0.850000000000000,       0.850000000000000,       0.850000000000000,       0.850000000000000,       0.850000000000000,       0.000000000000000,       0.000000000000000,       0.000000000000000,       0.000000000000000,       0.000000000000000,       0.000000000000000,       0.818685834463041,       0.818685834463041,       0.835985291504618,       0.835985291504618,       0.000249792457565,       0.000249792457565,       0.000781383397967,       0.000781383397967,                   1,                   1,              1,              1,    4323.441566421811331,    4323.441566421811331,       0.563427332969426,       0.563427332969426,    5532.588598801326043,    5532.588598801326043,       0.009712487205753,       0.009712487205753,       0.000000000040173,       0.000000000040173,      49.182693797606731,      49.182693797606731,      -0.333333333333333,      -0.333333333333333,      -0.333333333333333,      -0.333333333333333,      -0.281254257698058,      -0.281254257698058,      -0.281254257698058,      -0.281254257698058,       0.000000000000000,       0.000000000000000,                         0,                         0,       0.000000000000000,       0.000000000000000,       0.000000000000000,       0.000000000000000,       0.372093692720694,   -1313.455299747572781,       0.008000000000000,       0.008000000000000,         0,       0.000000000000000,       0.000000000000000,       0.000000000000000,       0.000000000000000,       0.000000000000000,       0.000000000000000,       0.000000000000000,       0.000000000000000,        0.000000000000000,        0.000000000000000,   67835.091758785012644,   67835.091758785012644,       0.000000000000000,       0.500000000000000,         4
  1725943046,     160.121534995807991,    4483.563101417619691,0,       2.206228617752614,       0.000000000000000,       0.850000000000000,       0.850000000000000,       0.850000000000000,       0.850000000000000,       0.850000000000000,       0.850000000000000,       0.850000000000000,       0.850000000000000,       0.000000000000000,       0.000000000000000,       0.000000000000000,       0.000000000000000,       0.000000000000000,       0.000000000000000,       0.820635000120605,       0.820635000120605,       0.835985291504618,       0.835985291504618,       0.000249792457565,       0.000249792457565,       0.000778601148347,       0.000778601148347,                   1,                   1,              1,              1,    4483.563101417619691,    4483.563101417619691,       0.568425553568564,       0.568425553568564,    5538.229109674297433,    5538.229109674297433,       0.009758790151066,       0.009758790151066,       0.000000000040317,       0.000000000040317,      48.634434493414858,      48.634434493414858,      -0.333333333333333,      -0.333333333333333,      -0.333333333333333,      -0.333333333333333,      -0.281254257698058,      -0.281254257698058,      -0.281254257698058,      -0.281254257698058,       0.000000000000000,       0.000000000000000,                         0,                         0,       0.000000000000000,       0.000000000000000,       0.000000000000000,       0.000000000000000,       0.372093692720694,   -1313.455299747572781,       0.008000000000000,       0.008000000000000,         0,       0.000000000000000,       0.000000000000000,       0.000000000000000,       0.000000000000000,       0.000000000000000,       0.000000000000000,       0.000000000000000,       0.000000000000000,        0.000000000000000,        0.000000000000000,   67254.023271369005670,   67254.023271369005670,       0.000000000000000,       0.500000000000000,         2
  1725943046,     160.121534995807991,    4483.563101417619691,0,       2.206228617752614,       0.000000000000000,       0.850000000000000,       0.850000000000000,       0.850000000000000,       0.850000000000000,       0.850000000000000,       0.850000000000000,       0.850000000000000,       0.850000000000000,       0.000000000000000,       0.000000000000000,       0.000000000000000,       0.000000000000000,       0.000000000000000,       0.000000000000000,       0.820635000120605,       0.820635000120605,       0.835985291504618,       0.835985291504618,       0.000249792457565,       0.000249792457565,       0.000778601148347,       0.000778601148347,                   1,                   1,              1,              1,    4483.563101417619691,    4483.563101417619691,       0.568425553568564,       0.568425553568564,    5538.229109674297433,    5538.229109674297433,       0.009758790151066,       0.009758790151066,       0.000000000040317,       0.000000000040317,      48.634434493414858,      48.634434493414858,      -0.333333333333333,      -0.333333333333333,      -0.333333333333333,      -0.333333333333333,      -0.281254257698058,      -0.281254257698058,      -0.281254257698058,      -0.281254257698058,       0.000000000000000,       0.000000000000000,                         0,                         0,       0.000000000000000,       0.000000000000000,       0.000000000000000,       0.000000000000000,       0.372093692720694,   -1313.455299747572781,       0.008000000000000,       0.008000000000000,         0,       0.000000000000000,       0.000000000000000,       0.000000000000000,       0.000000000000000,       0.000000000000000,       0.000000000000000,       0.000000000000000,       0.000000000000000,        0.000000000000000,        0.000000000000000,   67254.023271369005670,   67254.023271369005670,       0.000000000000000,       0.500000000000000,        10
  1725943046,     160.121534995807991,    4483.563101417619691,0,       2.206228617752614,       0.000000000000000,       0.850000000000000,       0.850000000000000,       0.850000000000000,       0.850000000000000,       0.850000000000000,       0.850000000000000,       0.850000000000000,       0.850000000000000,       0.000000000000000,       0.000000000000000,       0.000000000000000,       0.000000000000000,       0.000000000000000,       0.000000000000000,       0.820635000120605,       0.820635000120605,       0.835985291504618,       0.835985291504618,       0.000249792457565,       0.000249792457565,       0.000778601148347,       0.000778601148347,                   1,                   1,              1,              1,    4483.563101417619691,    4483.563101417619691,       0.568425553568564,       0.568425553568564,    5538.229109674297433,    5538.229109674297433,       0.009758790151066,       0.009758790151066,       0.000000000040317,       0.000000000040317,      48.634434493414858,      48.634434493414858,      -0.333333333333333,      -0.333333333333333,      -0.333333333333333,      -0.333333333333333,      -0.281254257698058,      -0.281254257698058,      -0.281254257698058,      -0.281254257698058,       0.000000000000000,       0.000000000000000,                         0,                         0,       0.000000000000000,       0.000000000000000,       0.000000000000000,       0.000000000000000,       0.372093692720694,   -1313.455299747572781,       0.008000000000000,       0.008000000000000,         0,       0.000000000000000,       0.000000000000000,       0.000000000000000,       0.000000000000000,       0.000000000000000,       0.000000000000000,       0.000000000000000,       0.000000000000000,        0.000000000000000,        0.000000000000000,   67254.023271369005670,   67254.023271369005670,       0.000000000000000,       0.500000000000000,        11
  1725943046,     160.121534995807991,    4483.563101417619691,0,       2.206228617752614,       0.000000000000000,       0.850000000000000,       0.850000000000000,       0.850000000000000,       0.850000000000000,       0.850000000000000,       0.850000000000000,       0.850000000000000,       0.850000000000000,       0.000000000000000,       0.000000000000000,       0.000000000000000,       0.000000000000000,       0.000000000000000,       0.000000000000000,       0.820635000120605,       0.820635000120605,       0.835985291504618,       0.835985291504618,       0.000249792457565,       0.000249792457565,       0.000778601148347,       0.000778601148347,                   1,                   1,              1,              1,    4483.563101417619691,    4483.563101417619691,       0.568425553568564,       0.568425553568564,    5538.229109674297433,    5538.229109674297433,       0.009758790151066,       0.009758790151066,       0.000000000040317,       0.000000000040317,      48.634434493414858,      48.634434493414858,      -0.333333333333333,      -0.333333333333333,      -0.333333333333333,      -0.333333333333333,      -0.281254257698058,      -0.281254257698058,      -0.281254257698058,      -0.281254257698058,       0.000000000000000,       0.000000000000000,                         0,                         0,       0.000000000000000,       0.000000000000000,       0.000000000000000,       0.000000000000000,       0.372186298611321,   -1313.090300553861198,       0.008000000000000,       0.008000000000000,         0,       0.000000000000000,       0.000000000000000,       0.000000000000000,       0.000000000000000,       0.000000000000000,       0.000000000000000,       0.000000000000000,       0.000000000000000,        0.000000000000000,        0.000000000000000,   67254.023271369005670,   67254.023271369005670,       0.000000000000000,       0.500000000000000,        14
  1725943046,     160.121534995807991,    4483.563101417619691,0,       2.206228617752614,       0.000000000000000,       0.850000000000000,       0.850000000000000,       0.850000000000000,       0.850000000000000,       0.850000000000000,       0.850000000000000,       0.850000000000000,       0.850000000000000,       0.000000000000000,       0.000000000000000,       0.000000000000000,       0.000000000000000,       0.000000000000000,       0.000000000000000,       0.820635000120605,       0.820635000120605,       0.835985291504618,       0.835985291504618,       0.000249792457565,       0.000249792457565,       0.000778601148347,       0.000778601148347,                   1,                   1,              1,              1,    4483.563101417619691,    4483.563101417619691,       0.568425553568564,       0.568425553568564,    5538.229109674297433,    5538.229109674297433,       0.009758790151066,       0.009758790151066,       0.000000000040317,       0.000000000040317,      48.634434493414858,      48.634434493414858,      -0.333333333333333,      -0.333333333333333,      -0.333333333333333,      -0.333333333333333,      -0.281254257698058,      -0.281254257698058,      -0.281254257698058,      -0.281254257698058,       0.000000000000000,       0.000000000000000,                         0,                         0,       0.000000000000000,       0.000000000000000,       0.000000000000000,       0.000000000000000,       0.372186298611321,   -1313.090300553861198,       0.008000000000000,       0.008000000000000,         0,       0.000000000000000,       0.000000000000000,       0.000000000000000,       0.000000000000000,       0.000000000000000,       0.000000000000000,       0.000000000000000,       0.000000000000000,        0.000000000000000,        0.000000000000000,   67254.023271369005670,   67254.023271369005670,       0.000000000000000,       0.500000000000000,         3
  1725943046,     160.121534995807991,    4483.563101417619691,0,       2.206228617752614,       0.000000000000000,       0.850000000000000,       0.850000000000000,       0.850000000000000,       0.850000000000000,       0.850000000000000,       0.850000000000000,       0.850000000000000,       0.850000000000000,       0.000000000000000,       0.000000000000000,       0.000000000000000,       0.000000000000000,       0.000000000000000,       0.000000000000000,       0.820635000120605,       0.820635000120605,       0.835985291504618,       0.835985291504618,       0.000249792457565,       0.000249792457565,       0.000778601148347,       0.000778601148347,                   1,                   1,              1,              1,    4483.563101417619691,    4483.563101417619691,       0.568425553568564,       0.568425553568564,    5538.229109674297433,    5538.229109674297433,       0.009758790151066,       0.009758790151066,       0.000000000040317,       0.000000000040317,      48.634434493414858,      48.634434493414858,      -0.333333333333333,      -0.333333333333333,      -0.333333333333333,      -0.333333333333333,      -0.281254257698058,      -0.281254257698058,      -0.281254257698058,      -0.281254257698058,       0.000000000000000,       0.000000000000000,                         0,                         0,       0.000000000000000,       0.000000000000000,       0.000000000000000,       0.000000000000000,       0.372186298611321,   -1313.090300553861198,       0.008000000000000,       0.008000000000000,         0,       0.000000000000000,       0.000000000000000,       0.000000000000000,       0.000000000000000,       0.000000000000000,       0.000000000000000,       0.000000000000000,       0.000000000000000,        0.000000000000000,        0.000000000000000,   67254.023271369005670,   67254.023271369005670,       0.000000000000000,       0.500000000000000,         4
  1725943046,     160.121534995807991,    4643.684636413428052,0,       2.206228617752614,       0.000000000000000,       0.850000000000000,       0.850000000000000,       0.850000000000000,       0.850000000000000,       0.850000000000000,       0.850000000000000,       0.850000000000000,       0.850000000000000,       0.000000000000000,       0.000000000000000,       0.000000000000000,       0.000000000000000,       0.000000000000000,       0.000000000000000,       0.822606171467215,       0.822606171467215,       0.835985291504618,       0.835985291504618,       0.000249792457565,       0.000249792457565,       0.000775804239186,       0.000775804239186,                   1,                   1,              1,              1,    4643.684636413428052,    4643.684636413428052,       0.573518283143359,       0.573518283143359,    5543.938100595957621,    5543.938100595957621,       0.009805727828170,       0.009805727828170,       0.000000000040462,       0.000000000040462,      48.087064793143405,      48.087064793143405,      -0.333333333333333,      -0.333333333333333,      -0.333333333333333,      -0.333333333333333,      -0.281254257698058,      -0.281254257698058,      -0.281254257698058,      -0.281254257698058,       0.000000000000000,       0.000000000000000,                         0,                         0,       0.000000000000000,       0.000000000000000,       0.000000000000000,       0.000000000000000,       0.372186298611321,   -1313.090300553861198,       0.008000000000000,       0.008000000000000,         0,       0.000000000000000,       0.000000000000000,       0.000000000000000,       0.000000000000000,       0.000000000000000,       0.000000000000000,       0.000000000000000,       0.000000000000000,        0.000000000000000,        0.000000000000000,   66661.549294830154395,   66661.549294830154395,       0.000000000000000,       0.500000000000000,         2
  1725943046,     160.121534995807991,    4643.684636413428052,0,       2.206228617752614,       0.000000000000000,       0.850000000000000,       0.850000000000000,       0.850000000000000,       0.850000000000000,       0.850000000000000,       0.850000000000000,       0.850000000000000,       0.850000000000000,       0.000000000000000,       0.000000000000000,       0.000000000000000,       0.000000000000000,       0.000000000000000,       0.000000000000000,       0.822606171467215,       0.822606171467215,       0.835985291504618,       0.835985291504618,       0.000249792457565,       0.000249792457565,       0.000775804239186,       0.000775804239186,                   1,                   1,              1,              1,    4643.684636413428052,    4643.684636413428052,       0.573518283143359,       0.573518283143359,    5543.938100595957621,    5543.938100595957621,       0.009805727828170,       0.009805727828170,       0.000000000040462,       0.000000000040462,      48.087064793143405,      48.087064793143405,      -0.333333333333333,      -0.333333333333333,      -0.333333333333333,      -0.333333333333333,      -0.281254257698058,      -0.281254257698058,      -0.281254257698058,      -0.281254257698058,       0.000000000000000,       0.000000000000000,                         0,                         0,       0.000000000000000,       0.000000000000000,       0.000000000000000,       0.000000000000000,       0.372186298611321,   -1313.090300553861198,       0.008000000000000,       0.008000000000000,         0,       0.000000000000000,       0.000000000000000,       0.000000000000000,       0.000000000000000,       0.000000000000000,       0.000000000000000,       0.000000000000000,       0.000000000000000,        0.000000000000000,        0.000000000000000,   66661.549294830154395,   66661.549294830154395,       0.000000000000000,       0.500000000000000,        10
  1725943046,     160.121534995807991,    4643.684636413428052,0,       2.206228617752614,       0.000000000000000,       0.850000000000000,       0.850000000000000,       0.850000000000000,       0.850000000000000,       0.850000000000000,       0.850000000000000,       0.850000000000000,       0.850000000000000,       0.000000000000000,       0.000000000000000,       0.000000000000000,       0.000000000000000,       0.000000000000000,       0.000000000000000,       0.822606171467215,       0.822606171467215,       0.835985291504618,       0.835985291504618,       0.000249792457565,       0.000249792457565,       0.000775804239186,       0.000775804239186,                   1,                   1,              1,              1,    4643.684636413428052,    4643.684636413428052,       0.573518283143359,       0.573518283143359,    5543.938100595957621,    5543.938100595957621,       0.009805727828170,       0.009805727828170,       0.000000000040462,       0.000000000040462,      48.087064793143405,      48.087064793143405,      -0.333333333333333,      -0.333333333333333,      -0.333333333333333,      -0.333333333333333,      -0.281254257698058,      -0.281254257698058,      -0.281254257698058,      -0.281254257698058,       0.000000000000000,       0.000000000000000,                         0,                         0,       0.000000000000000,       0.000000000000000,       0.000000000000000,       0.000000000000000,       0.372186298611321,   -1313.090300553861198,       0.008000000000000,       0.008000000000000,         0,       0.000000000000000,       0.000000000000000,       0.000000000000000,       0.000000000000000,       0.000000000000000,       0.000000000000000,       0.000000000000000,       0.000000000000000,        0.000000000000000,        0.000000000000000,   66661.549294830154395,   66661.549294830154395,       0.000000000000000,       0.500000000000000,        11
  1725943046,     160.121534995807991,    4643.684636413428052,0,       2.206228617752614,       0.000000000000000,       0.850000000000000,       0.850000000000000,       0.850000000000000,       0.850000000000000,       0.850000000000000,       0.850000000000000,       0.850000000000000,       0.850000000000000,       0.000000000000000,       0.000000000000000,       0.000000000000000,       0.000000000000000,       0.000000000000000,       0.000000000000000,       0.822606171467215,       0.822606171467215,       0.835985291504618,       0.835985291504618,       0.000249792457565,       0.000249792457565,       0.000775804239186,       0.000775804239186,                   1,                   1,              1,              1,    4643.684636413428052,    4643.684636413428052,       0.573518283143359,       0.573518283143359,    5543.938100595957621,    5543.938100595957621,       0.009805727828170,       0.009805727828170,       0.000000000040462,       0.000000000040462,      48.087064793143405,      48.087064793143405,      -0.333333333333333,      -0.333333333333333,      -0.333333333333333,      -0.333333333333333,      -0.281254257698058,      -0.281254257698058,      -0.281254257698058,      -0.281254257698058,       0.000000000000000,       0.000000000000000,                         0,                         0,       0.000000000000000,       0.000000000000000,       0.000000000000000,       0.000000000000000,       0.372280173965529,   -1312.720297864366103,       0.008000000000000,       0.008000000000000,         0,       0.000000000000000,       0.000000000000000,       0.000000000000000,       0.000000000000000,       0.000000000000000,       0.000000000000000,       0.000000000000000,       0.000000000000000,        0.000000000000000,        0.000000000000000,   66661.549294830154395,   66661.549294830154395,       0.000000000000000,       0.500000000000000,        14
  1725943046,     160.121534995807991,    4643.684636413428052,0,       2.206228617752614,       0.000000000000000,       0.850000000000000,       0.850000000000000,       0.850000000000000,       0.850000000000000,       0.850000000000000,       0.850000000000000,       0.850000000000000,       0.850000000000000,       0.000000000000000,       0.000000000000000,       0.000000000000000,       0.000000000000000,       0.000000000000000,       0.000000000000000,       0.822606171467215,       0.822606171467215,       0.835985291504618,       0.835985291504618,       0.000249792457565,       0.000249792457565,       0.000775804239186,       0.000775804239186,                   1,                   1,              1,              1,    4643.684636413428052,    4643.684636413428052,       0.573518283143359,       0.573518283143359,    5543.938100595957621,    5543.938100595957621,       0.009805727828170,       0.009805727828170,       0.000000000040462,       0.000000000040462,      48.087064793143405,      48.087064793143405,      -0.333333333333333,      -0.333333333333333,      -0.333333333333333,      -0.333333333333333,      -0.281254257698058,      -0.281254257698058,      -0.281254257698058,      -0.281254257698058,       0.000000000000000,       0.000000000000000,                         0,                         0,       0.000000000000000,       0.000000000000000,       0.000000000000000,       0.000000000000000,       0.372280173965529,   -1312.720297864366103,       0.008000000000000,       0.008000000000000,         0,       0.000000000000000,       0.000000000000000,       0.000000000000000,       0.000000000000000,       0.000000000000000,       0.000000000000000,       0.000000000000000,       0.000000000000000,        0.000000000000000,        0.000000000000000,   66661.549294830154395,   66661.549294830154395,       0.000000000000000,       0.500000000000000,         3
  1725943046,     160.121534995807991,    4643.684636413428052,0,       2.206228617752614,       0.000000000000000,       0.850000000000000,       0.850000000000000,       0.850000000000000,       0.850000000000000,       0.850000000000000,       0.850000000000000,       0.850000000000000,       0.850000000000000,       0.000000000000000,       0.000000000000000,       0.000000000000000,       0.000000000000000,       0.000000000000000,       0.000000000000000,       0.822606171467215,       0.822606171467215,       0.835985291504618,       0.835985291504618,       0.000249792457565,       0.000249792457565,       0.000775804239186,       0.000775804239186,                   1,                   1,              1,              1,    4643.684636413428052,    4643.684636413428052,       0.573518283143359,       0.573518283143359,    5543.938100595957621,    5543.938100595957621,       0.009805727828170,       0.009805727828170,       0.000000000040462,       0.000000000040462,      48.087064793143405,      48.087064793143405,      -0.333333333333333,      -0.333333333333333,      -0.333333333333333,      -0.333333333333333,      -0.281254257698058,      -0.281254257698058,      -0.281254257698058,      -0.281254257698058,       0.000000000000000,       0.000000000000000,                         0,                         0,       0.000000000000000,       0.000000000000000,       0.000000000000000,       0.000000000000000,       0.372280173965529,   -1312.720297864366103,       0.008000000000000,       0.008000000000000,         0,       0.000000000000000,       0.000000000000000,       0.000000000000000,       0.000000000000000,       0.000000000000000,       0.000000000000000,       0.000000000000000,       0.000000000000000,        0.000000000000000,        0.000000000000000,   66661.549294830154395,   66661.549294830154395,       0.000000000000000,       0.500000000000000,         4
  1725943046,     160.121534995807991,    4803.806171409236413,0,       2.206228617752614,       0.000000000000000,       0.850000000000000,       0.850000000000000,       0.850000000000000,       0.850000000000000,       0.850000000000000,       0.850000000000000,       0.850000000000000,       0.850000000000000,       0.000000000000000,       0.000000000000000,       0.000000000000000,       0.000000000000000,       0.000000000000000,       0.000000000000000,       0.824600117570584,       0.824600117570584,       0.835985291504618,       0.835985291504618,       0.000249792457565,       0.000249792457565,       0.000772992010037,       0.000772992010037,                   1,                   1,              1,              1,    4803.806171409236413,    4803.806171409236413,       0.578707283196921,       0.578707283196921,    5549.713688944412752,    5549.713688944412752,       0.009853322387997,       0.009853322387997,       0.000000000040609,       0.000000000040609,      47.540654780238086,      47.540654780238086,      -0.333333333333333,      -0.333333333333333,      -0.333333333333333,      -0.333333333333333,      -0.281254257698058,      -0.281254257698058,      -0.281254257698058,      -0.281254257698058,       0.000000000000000,       0.000000000000000,                         0,                         0,       0.000000000000000,       0.000000000000000,       0.000000000000000,       0.000000000000000,       0.372280173965529,   -1312.720297864366103,       0.008000000000000,       0.008000000000000,         0,       0.000000000000000,       0.000000000000000,       0.000000000000000,       0.000000000000000,       0.000000000000000,       0.000000000000000,       0.000000000000000,       0.000000000000000,        0.000000000000000,        0.000000000000000,   66058.436910497286590,   66058.436910497286590,       0.000000000000000,       0.500000000000000,         2
  1725943046,     160.121534995807991,    4803.806171409236413,0,       2.206228617752614,       0.000000000000000,       0.850000000000000,       0.850000000000000,       0.850000000000000,       0.850000000000000,       0.850000000000000,       0.850000000000000,       0.850000000000000,       0.850000000000000,       0.000000000000000,       0.000000000000000,       0.000000000000000,       0.000000000000000,       0.000000000000000,       0.000000000000000,       0.824600117570584,       0.824600117570584,       0.835985291504618,       0.835985291504618,       0.000249792457565,       0.000249792457565,       0.000772992010037,       0.000772992010037,                   1,                   1,              1,              1,    4803.806171409236413,    4803.806171409236413,       0.578707283196921,       0.578707283196921,    5549.713688944412752,    5549.713688944412752,       0.009853322387997,       0.009853322387997,       0.000000000040609,       0.000000000040609,      47.540654780238086,      47.540654780238086,      -0.333333333333333,      -0.333333333333333,      -0.333333333333333,      -0.333333333333333,      -0.281254257698058,      -0.281254257698058,      -0.281254257698058,      -0.281254257698058,       0.000000000000000,       0.000000000000000,                         0,                         0,       0.000000000000000,       0.000000000000000,       0.000000000000000,       0.000000000000000,       0.372280173965529,   -1312.720297864366103,       0.008000000000000,       0.008000000000000,         0,       0.000000000000000,       0.000000000000000,       0.000000000000000,       0.000000000000000,       0.000000000000000,       0.000000000000000,       0.000000000000000,       0.000000000000000,        0.000000000000000,        0.000000000000000,   66058.436910497286590,   66058.436910497286590,       0.000000000000000,       0.500000000000000,        10
  1725943046,     160.121534995807991,    4803.806171409236413,0,       2.206228617752614,       0.000000000000000,       0.850000000000000,       0.850000000000000,       0.850000000000000,       0.850000000000000,       0.850000000000000,       0.850000000000000,       0.850000000000000,       0.850000000000000,       0.000000000000000,       0.000000000000000,       0.000000000000000,       0.000000000000000,       0.000000000000000,       0.000000000000000,       0.824600117570584,       0.824600117570584,       0.835985291504618,       0.835985291504618,       0.000249792457565,       0.000249792457565,       0.000772992010037,       0.000772992010037,                   1,                   1,              1,              1,    4803.806171409236413,    4803.806171409236413,       0.578707283196921,       0.578707283196921,    5549.713688944412752,    5549.713688944412752,       0.009853322387997,       0.009853322387997,       0.000000000040609,       0.000000000040609,      47.540654780238086,      47.540654780238086,      -0.333333333333333,      -0.333333333333333,      -0.333333333333333,      -0.333333333333333,      -0.281254257698058,      -0.281254257698058,      -0.281254257698058,      -0.281254257698058,       0.000000000000000,       0.000000000000000,                         0,                         0,       0.000000000000000,       0.000000000000000,       0.000000000000000,       0.000000000000000,       0.372280173965529,   -1312.720297864366103,       0.008000000000000,       0.008000000000000,         0,       0.000000000000000,       0.000000000000000,       0.000000000000000,       0.000000000000000,       0.000000000000000,       0.000000000000000,       0.000000000000000,       0.000000000000000,        0.000000000000000,        0.000000000000000,   66058.436910497286590,   66058.436910497286590,       0.000000000000000,       0.500000000000000,        11
  1725943046,     160.121534995807991,    4803.806171409236413,0,       2.206228617752614,       0.000000000000000,       0.850000000000000,       0.850000000000000,       0.850000000000000,       0.850000000000000,       0.850000000000000,       0.850000000000000,       0.850000000000000,       0.850000000000000,       0.000000000000000,       0.000000000000000,       0.000000000000000,       0.000000000000000,       0.000000000000000,       0.000000000000000,       0.824600117570584,       0.824600117570584,       0.835985291504618,       0.835985291504618,       0.000249792457565,       0.000249792457565,       0.000772992010037,       0.000772992010037,                   1,                   1,              1,              1,    4803.806171409236413,    4803.806171409236413,       0.578707283196921,       0.578707283196921,    5549.713688944412752,    5549.713688944412752,       0.009853322387997,       0.009853322387997,       0.000000000040609,       0.000000000040609,      47.540654780238086,      47.540654780238086,      -0.333333333333333,      -0.333333333333333,      -0.333333333333333,      -0.333333333333333,      -0.281254257698058,      -0.281254257698058,      -0.281254257698058,      -0.281254257698058,       0.000000000000000,       0.000000000000000,                         0,                         0,       0.000000000000000,       0.000000000000000,       0.000000000000000,       0.000000000000000,       0.372375363085183,   -1312.345117066594185,       0.008000000000000,       0.008000000000000,         0,       0.000000000000000,       0.000000000000000,       0.000000000000000,       0.000000000000000,       0.000000000000000,       0.000000000000000,       0.000000000000000,       0.000000000000000,        0.000000000000000,        0.000000000000000,   66058.436910497286590,   66058.436910497286590,       0.000000000000000,       0.500000000000000,        14
  1725943046,     160.121534995807991,    4803.806171409236413,0,       2.206228617752614,       0.000000000000000,       0.850000000000000,       0.850000000000000,       0.850000000000000,       0.850000000000000,       0.850000000000000,       0.850000000000000,       0.850000000000000,       0.850000000000000,       0.000000000000000,       0.000000000000000,       0.000000000000000,       0.000000000000000,       0.000000000000000,       0.000000000000000,       0.824600117570584,       0.824600117570584,       0.835985291504618,       0.835985291504618,       0.000249792457565,       0.000249792457565,       0.000772992010037,       0.000772992010037,                   1,                   1,              1,              1,    4803.806171409236413,    4803.806171409236413,       0.578707283196921,       0.578707283196921,    5549.713688944412752,    5549.713688944412752,       0.009853322387997,       0.009853322387997,       0.000000000040609,       0.000000000040609,      47.540654780238086,      47.540654780238086,      -0.333333333333333,      -0.333333333333333,      -0.333333333333333,      -0.333333333333333,      -0.281254257698058,      -0.281254257698058,      -0.281254257698058,      -0.281254257698058,       0.000000000000000,       0.000000000000000,                         0,                         0,       0.000000000000000,       0.000000000000000,       0.000000000000000,       0.000000000000000,       0.372375363085183,   -1312.345117066594185,       0.008000000000000,       0.008000000000000,         0,       0.000000000000000,       0.000000000000000,       0.000000000000000,       0.000000000000000,       0.000000000000000,       0.000000000000000,       0.000000000000000,       0.000000000000000,        0.000000000000000,        0.000000000000000,   66058.436910497286590,   66058.436910497286590,       0.000000000000000,       0.500000000000000,         3
  1725943046,     160.121534995807991,    4803.806171409236413,0,       2.206228617752614,       0.000000000000000,       0.850000000000000,       0.850000000000000,       0.850000000000000,       0.850000000000000,       0.850000000000000,       0.850000000000000,       0.850000000000000,       0.850000000000000,       0.000000000000000,       0.000000000000000,       0.000000000000000,       0.000000000000000,       0.000000000000000,       0.000000000000000,       0.824600117570584,       0.824600117570584,       0.835985291504618,       0.835985291504618,       0.000249792457565,       0.000249792457565,       0.000772992010037,       0.000772992010037,                   1,                   1,              1,              1,    4803.806171409236413,    4803.806171409236413,       0.578707283196921,       0.578707283196921,    5549.713688944412752,    5549.713688944412752,       0.009853322387997,       0.009853322387997,       0.000000000040609,       0.000000000040609,      47.540654780238086,      47.540654780238086,      -0.333333333333333,      -0.333333333333333,      -0.333333333333333,      -0.333333333333333,      -0.281254257698058,      -0.281254257698058,      -0.281254257698058,      -0.281254257698058,       0.000000000000000,       0.000000000000000,                         0,                         0,       0.000000000000000,       0.000000000000000,       0.000000000000000,       0.000000000000000,       0.372375363085183,   -1312.345117066594185,       0.008000000000000,       0.008000000000000,         0,       0.000000000000000,       0.000000000000000,       0.000000000000000,       0.000000000000000,       0.000000000000000,       0.000000000000000,       0.000000000000000,       0.000000000000000,        0.000000000000000,        0.000000000000000,   66058.436910497286590,   66058.436910497286590,       0.000000000000000,       0.500000000000000,         4
  1725943046,     160.121534995807991,    4963.927706405044773,0,       2.206228617752614,       0.000000000000000,       0.850000000000000,       0.850000000000000,       0.850000000000000,       0.850000000000000,       0.850000000000000,       0.850000000000000,       0.850000000000000,       0.850000000000000,       0.000000000000000,       0.000000000000000,       0.000000000000000,       0.000000000000000,       0.000000000000000,       0.000000000000000,       0.826617618866525,       0.826617618866525,       0.835985291504618,       0.835985291504618,       0.000249792457565,       0.000249792457565,       0.000770163809195,       0.000770163809195,                   1,                   1,              1,              1,    4963.927706405044773,    4963.927706405044773,       0.583994362428886,       0.583994362428886,    5555.553987178324860,    5555.553987178324860,       0.009901596475697,       0.009901596475697,       0.000000000040758,       0.000000000040758,      46.995274108057700,      46.995274108057700,      -0.333333333333333,      -0.333333333333333,      -0.333333333333333,      -0.333333333333333,      -0.281254257698058,      -0.281254257698058,      -0.281254257698058,      -0.281254257698058,       0.000000000000000,       0.000000000000000,                         0,                         0,       0.000000000000000,       0.000000000000000,       0.000000000000000,       0.000000000000000,       0.372375363085183,   -1312.345117066594185,       0.008000000000000,       0.008000000000000,         0,       0.000000000000000,       0.000000000000000,       0.000000000000000,       0.000000000000000,       0.000000000000000,       0.000000000000000,       0.000000000000000,       0.000000000000000,        0.000000000000000,        0.000000000000000,   65445.428386476974993,   65445.428386476974993,       0.000000000000000,       0.500000000000000,         2
  1725943046,     160.121534995807991,    4963.927706405044773,0,       2.206228617752614,       0.000000000000000,       0.850000000000000,       0.850000000000000,       0.850000000000000,       0.850000000000000,       0.850000000000000,       0.850000000000000,       0.850000000000000,       0.850000000000000,       0.000000000000000,       0.000000000000000,       0.000000000000000,       0.000000000000000,       0.000000000000000,       0.000000000000000,       0.826617618866525,       0.826617618866525,       0.835985291504618,       0.835985291504618,       0.000249792457565,       0.000249792457565,       0.000770163809195,       0.000770163809195,                   1,                   1,              1,              1,    4963.927706405044773,    4963.927706405044773,       0.583994362428886,       0.583994362428886,    5555.553987178324860,    5555.553987178324860,       0.009901596475697,       0.009901596475697,       0.000000000040758,       0.000000000040758,      46.995274108057700,      46.995274108057700,      -0.333333333333333,      -0.333333333333333,      -0.333333333333333,      -0.333333333333333,      -0.281254257698058,      -0.281254257698058,      -0.281254257698058,      -0.281254257698058,       0.000000000000000,       0.000000000000000,                         0,                         0,       0.000000000000000,       0.000000000000000,       0.000000000000000,       0.000000000000000,       0.372375363085183,   -1312.345117066594185,       0.008000000000000,       0.008000000000000,         0,       0.000000000000000,       0.000000000000000,       0.000000000000000,       0.000000000000000,       0.000000000000000,       0.000000000000000,       0.000000000000000,       0.000000000000000,        0.000000000000000,        0.000000000000000,   65445.428386476974993,   65445.428386476974993,       0.000000000000000,       0.500000000000000,        10
  1725943046,     160.121534995807991,    4963.927706405044773,0,       2.206228617752614,       0.000000000000000,       0.850000000000000,       0.850000000000000,       0.850000000000000,       0.850000000000000,       0.850000000000000,       0.850000000000000,       0.850000000000000,       0.850000000000000,       0.000000000000000,       0.000000000000000,       0.000000000000000,       0.000000000000000,       0.000000000000000,       0.000000000000000,       0.826617618866525,       0.826617618866525,       0.835985291504618,       0.835985291504618,       0.000249792457565,       0.000249792457565,       0.000770163809195,       0.000770163809195,                   1,                   1,              1,              1,    4963.927706405044773,    4963.927706405044773,       0.583994362428886,       0.583994362428886,    5555.553987178324860,    5555.553987178324860,       0.009901596475697,       0.009901596475697,       0.000000000040758,       0.000000000040758,      46.995274108057700,      46.995274108057700,      -0.333333333333333,      -0.333333333333333,      -0.333333333333333,      -0.333333333333333,      -0.281254257698058,      -0.281254257698058,      -0.281254257698058,      -0.281254257698058,       0.000000000000000,       0.000000000000000,                         0,                         0,       0.000000000000000,       0.000000000000000,       0.000000000000000,       0.000000000000000,       0.372375363085183,   -1312.345117066594185,       0.008000000000000,       0.008000000000000,         0,       0.000000000000000,       0.000000000000000,       0.000000000000000,       0.000000000000000,       0.000000000000000,       0.000000000000000,       0.000000000000000,       0.000000000000000,        0.000000000000000,        0.000000000000000,   65445.428386476974993,   65445.428386476974993,       0.000000000000000,       0.500000000000000,        11
  1725943046,     160.121534995807991,    4963.927706405044773,0,       2.206228617752614,       0.000000000000000,       0.850000000000000,       0.850000000000000,       0.850000000000000,       0.850000000000000,       0.850000000000000,       0.850000000000000,       0.850000000000000,       0.850000000000000,       0.000000000000000,       0.000000000000000,       0.000000000000000,       0.000000000000000,       0.000000000000000,       0.000000000000000,       0.826617618866525,       0.826617618866525,       0.835985291504618,       0.835985291504618,       0.000249792457565,       0.000249792457565,       0.000770163809195,       0.000770163809195,                   1,                   1,              1,              1,    4963.927706405044773,    4963.927706405044773,       0.583994362428886,       0.583994362428886,    5555.553987178324860,    5555.553987178324860,       0.009901596475697,       0.009901596475697,       0.000000000040758,       0.000000000040758,      46.995274108057700,      46.995274108057700,      -0.333333333333333,      -0.333333333333333,      -0.333333333333333,      -0.333333333333333,      -0.281254257698058,      -0.281254257698058,      -0.281254257698058,      -0.281254257698058,       0.000000000000000,       0.000000000000000,                         0,                         0,       0.000000000000000,       0.000000000000000,       0.000000000000000,       0.000000000000000,       0.372471911260582,   -1311.964579652219754,       0.008000000000000,       0.008000000000000,         0,       0.000000000000000,       0.000000000000000,       0.000000000000000,       0.000000000000000,       0.000000000000000,       0.000000000000000,       0.000000000000000,       0.000000000000000,        0.000000000000000,        0.000000000000000,   65445.428386476974993,   65445.428386476974993,       0.000000000000000,       0.500000000000000,        14
  1725943046,     160.121534995807991,    4963.927706405044773,0,       2.206228617752614,       0.000000000000000,       0.850000000000000,       0.850000000000000,       0.850000000000000,       0.850000000000000,       0.850000000000000,       0.850000000000000,       0.850000000000000,       0.850000000000000,       0.000000000000000,       0.000000000000000,       0.000000000000000,       0.000000000000000,       0.000000000000000,       0.000000000000000,       0.826617618866525,       0.826617618866525,       0.835985291504618,       0.835985291504618,       0.000249792457565,       0.000249792457565,       0.000770163809195,       0.000770163809195,                   1,                   1,              1,              1,    4963.927706405044773,    4963.927706405044773,       0.583994362428886,       0.583994362428886,    5555.553987178324860,    5555.553987178324860,       0.009901596475697,       0.009901596475697,       0.000000000040758,       0.000000000040758,      46.995274108057700,      46.995274108057700,      -0.333333333333333,      -0.333333333333333,      -0.333333333333333,      -0.333333333333333,      -0.281254257698058,      -0.281254257698058,      -0.281254257698058,      -0.281254257698058,       0.000000000000000,       0.000000000000000,                         0,                         0,       0.000000000000000,       0.000000000000000,       0.000000000000000,       0.000000000000000,       0.372471911260582,   -1311.964579652219754,       0.008000000000000,       0.008000000000000,         0,       0.000000000000000,       0.000000000000000,       0.000000000000000,       0.000000000000000,       0.000000000000000,       0.000000000000000,       0.000000000000000,       0.000000000000000,        0.000000000000000,        0.000000000000000,   65445.428386476974993,   65445.428386476974993,       0.000000000000000,       0.500000000000000,         3
  1725943046,     160.121534995807991,    4963.927706405044773,0,       2.206228617752614,       0.000000000000000,       0.850000000000000,       0.850000000000000,       0.850000000000000,       0.850000000000000,       0.850000000000000,       0.850000000000000,       0.850000000000000,       0.850000000000000,       0.000000000000000,       0.000000000000000,       0.000000000000000,       0.000000000000000,       0.000000000000000,       0.000000000000000,       0.826617618866525,       0.826617618866525,       0.835985291504618,       0.835985291504618,       0.000249792457565,       0.000249792457565,       0.000770163809195,       0.000770163809195,                   1,                   1,              1,              1,    4963.927706405044773,    4963.927706405044773,       0.583994362428886,       0.583994362428886,    5555.553987178324860,    5555.553987178324860,       0.009901596475697,       0.009901596475697,       0.000000000040758,       0.000000000040758,      46.995274108057700,      46.995274108057700,      -0.333333333333333,      -0.333333333333333,      -0.333333333333333,      -0.333333333333333,      -0.281254257698058,      -0.281254257698058,      -0.281254257698058,      -0.281254257698058,       0.000000000000000,       0.000000000000000,                         0,                         0,       0.000000000000000,       0.000000000000000,       0.000000000000000,       0.000000000000000,       0.372471911260582,   -1311.964579652219754,       0.008000000000000,       0.008000000000000,         0,       0.000000000000000,       0.000000000000000,       0.000000000000000,       0.000000000000000,       0.000000000000000,       0.000000000000000,       0.000000000000000,       0.000000000000000,        0.000000000000000,        0.000000000000000,   65445.428386476974993,   65445.428386476974993,       0.000000000000000,       0.500000000000000,         4
  1725943046,     160.121534995807991,    5124.049241400853134,0,       2.206228617752614,       0.000000000000000,       0.850000000000000,       0.850000000000000,       0.850000000000000,       0.850000000000000,       0.850000000000000,       0.850000000000000,       0.850000000000000,       0.850000000000000,       0.000000000000000,       0.000000000000000,       0.000000000000000,       0.000000000000000,       0.000000000000000,       0.000000000000000,       0.828659468174073,       0.828659468174073,       0.835985291504618,       0.835985291504618,       0.000249792457565,       0.000249792457565,       0.000767318992854,       0.000767318992854,                   1,                   1,              1,              1,    5124.049241400853134,    5124.049241400853134,       0.589381379248530,       0.589381379248530,    5561.457102903767918,    5561.457102903767918,       0.009950573263540,       0.009950573263540,       0.000000000040910,       0.000000000040910,      46.450991858138252,      46.450991858138252,      -0.333333333333333,      -0.333333333333333,      -0.333333333333333,      -0.333333333333333,      -0.281254257698058,      -0.281254257698058,      -0.281254257698058,      -0.281254257698058,       0.000000000000000,       0.000000000000000,                         0,                         0,       0.000000000000000,       0.000000000000000,       0.000000000000000,       0.000000000000000,       0.372471911260582,   -1311.964579652219754,       0.008000000000000,       0.008000000000000,         0,       0.000000000000000,       0.000000000000000,       0.000000000000000,       0.000000000000000,       0.000000000000000,       0.000000000000000,       0.000000000000000,       0.000000000000000,        0.000000000000000,        0.000000000000000,   64823.237198861352226,   64823.237198861352226,       0.000000000000000,       0.500000000000000,         2
  1725943046,     160.121534995807991,    5124.049241400853134,0,       2.206228617752614,       0.000000000000000,       0.850000000000000,       0.850000000000000,       0.850000000000000,       0.850000000000000,       0.850000000000000,       0.850000000000000,       0.850000000000000,       0.850000000000000,       0.000000000000000,       0.000000000000000,       0.000000000000000,       0.000000000000000,       0.000000000000000,       0.000000000000000,       0.828659468174073,       0.828659468174073,       0.835985291504618,       0.835985291504618,       0.000249792457565,       0.000249792457565,       0.000767318992854,       0.000767318992854,                   1,                   1,              1,              1,    5124.049241400853134,    5124.049241400853134,       0.589381379248530,       0.589381379248530,    5561.457102903767918,    5561.457102903767918,       0.009950573263540,       0.009950573263540,       0.000000000040910,       0.000000000040910,      46.450991858138252,      46.450991858138252,      -0.333333333333333,      -0.333333333333333,      -0.333333333333333,      -0.333333333333333,      -0.281254257698058,      -0.281254257698058,      -0.281254257698058,      -0.281254257698058,       0.000000000000000,       0.000000000000000,                         0,                         0,       0.000000000000000,       0.000000000000000,       0.000000000000000,       0.000000000000000,       0.372471911260582,   -1311.964579652219754,       0.008000000000000,       0.008000000000000,         0,       0.000000000000000,       0.000000000000000,       0.000000000000000,       0.000000000000000,       0.000000000000000,       0.000000000000000,       0.000000000000000,       0.000000000000000,        0.000000000000000,        0.000000000000000,   64823.237198861352226,   64823.237198861352226,       0.000000000000000,       0.500000000000000,        10
  1725943046,     160.121534995807991,    5124.049241400853134,0,       2.206228617752614,       0.000000000000000,       0.850000000000000,       0.850000000000000,       0.850000000000000,       0.850000000000000,       0.850000000000000,       0.850000000000000,       0.850000000000000,       0.850000000000000,       0.000000000000000,       0.000000000000000,       0.000000000000000,       0.000000000000000,       0.000000000000000,       0.000000000000000,       0.828659468174073,       0.828659468174073,       0.835985291504618,       0.835985291504618,       0.000249792457565,       0.000249792457565,       0.000767318992854,       0.000767318992854,                   1,                   1,              1,              1,    5124.049241400853134,    5124.049241400853134,       0.589381379248530,       0.589381379248530,    5561.457102903767918,    5561.457102903767918,       0.009950573263540,       0.009950573263540,       0.000000000040910,       0.000000000040910,      46.450991858138252,      46.450991858138252,      -0.333333333333333,      -0.333333333333333,      -0.333333333333333,      -0.333333333333333,      -0.281254257698058,      -0.281254257698058,      -0.281254257698058,      -0.281254257698058,       0.000000000000000,       0.000000000000000,                         0,                         0,       0.000000000000000,       0.000000000000000,       0.000000000000000,       0.000000000000000,       0.372471911260582,   -1311.964579652219754,       0.008000000000000,       0.008000000000000,         0,       0.000000000000000,       0.000000000000000,       0.000000000000000,       0.000000000000000,       0.000000000000000,       0.000000000000000,       0.000000000000000,       0.000000000000000,        0.000000000000000,        0.000000000000000,   64823.237198861352226,   64823.237198861352226,       0.000000000000000,       0.500000000000000,        11
  1725943046,     160.121534995807991,    5124.049241400853134,0,       2.206228617752614,       0.000000000000000,       0.850000000000000,       0.850000000000000,       0.850000000000000,       0.850000000000000,       0.850000000000000,       0.850000000000000,       0.850000000000000,       0.850000000000000,       0.000000000000000,       0.000000000000000,       0.000000000000000,       0.000000000000000,       0.000000000000000,       0.000000000000000,       0.828659468174073,       0.828659468174073,       0.835985291504618,       0.835985291504618,       0.000249792457565,       0.000249792457565,       0.000767318992854,       0.000767318992854,                   1,                   1,              1,              1,    5124.049241400853134,    5124.049241400853134,       0.589381379248530,       0.589381379248530,    5561.457102903767918,    5561.457102903767918,       0.009950573263540,       0.009950573263540,       0.000000000040910,       0.000000000040910,      46.450991858138252,      46.450991858138252,      -0.333333333333333,      -0.333333333333333,      -0.333333333333333,      -0.333333333333333,      -0.281254257698058,      -0.281254257698058,      -0.281254257698058,      -0.281254257698058,       0.000000000000000,       0.000000000000000,                         0,                         0,       0.000000000000000,       0.000000000000000,       0.000000000000000,       0.000000000000000,       0.372569864836268,   -1311.578502957700721,       0.008000000000000,       0.008000000000000,         0,       0.000000000000000,       0.000000000000000,       0.000000000000000,       0.000000000000000,       0.000000000000000,       0.000000000000000,       0.000000000000000,       0.000000000000000,        0.000000000000000,        0.000000000000000,   64823.237198861352226,   64823.237198861352226,       0.000000000000000,       0.500000000000000,        14
  1725943046,     160.121534995807991,    5124.049241400853134,0,       2.206228617752614,       0.000000000000000,       0.850000000000000,       0.850000000000000,       0.850000000000000,       0.850000000000000,       0.850000000000000,       0.850000000000000,       0.850000000000000,       0.850000000000000,       0.000000000000000,       0.000000000000000,       0.000000000000000,       0.000000000000000,       0.000000000000000,       0.000000000000000,       0.828659468174073,       0.828659468174073,       0.835985291504618,       0.835985291504618,       0.000249792457565,       0.000249792457565,       0.000767318992854,       0.000767318992854,                   1,                   1,              1,              1,    5124.049241400853134,    5124.049241400853134,       0.589381379248530,       0.589381379248530,    5561.457102903767918,    5561.457102903767918,       0.009950573263540,       0.009950573263540,       0.000000000040910,       0.000000000040910,      46.450991858138252,      46.450991858138252,      -0.333333333333333,      -0.333333333333333,      -0.333333333333333,      -0.333333333333333,      -0.281254257698058,      -0.281254257698058,      -0.281254257698058,      -0.281254257698058,       0.000000000000000,       0.000000000000000,                         0,                         0,       0.000000000000000,       0.000000000000000,       0.000000000000000,       0.000000000000000,       0.372569864836268,   -1311.578502957700721,       0.008000000000000,       0.008000000000000,         0,       0.000000000000000,       0.000000000000000,       0.000000000000000,       0.000000000000000,       0.000000000000000,       0.000000000000000,       0.000000000000000,       0.000000000000000,        0.000000000000000,        0.000000000000000,   64823.237198861352226,   64823.237198861352226,       0.000000000000000,       0.500000000000000,         3
  1725943046,     160.121534995807991,    5124.049241400853134,0,       2.206228617752614,       0.000000000000000,       0.850000000000000,       0.850000000000000,       0.850000000000000,       0.850000000000000,       0.850000000000000,       0.850000000000000,       0.850000000000000,       0.850000000000000,       0.000000000000000,       0.000000000000000,       0.000000000000000,       0.000000000000000,       0.000000000000000,       0.000000000000000,       0.828659468174073,       0.828659468174073,       0.835985291504618,       0.835985291504618,       0.000249792457565,       0.000249792457565,       0.000767318992854,       0.000767318992854,                   1,                   1,              1,              1,    5124.049241400853134,    5124.049241400853134,       0.589381379248530,       0.589381379248530,    5561.457102903767918,    5561.457102903767918,       0.009950573263540,       0.009950573263540,       0.000000000040910,       0.000000000040910,      46.450991858138252,      46.450991858138252,      -0.333333333333333,      -0.333333333333333,      -0.333333333333333,      -0.333333333333333,      -0.281254257698058,      -0.281254257698058,      -0.281254257698058,      -0.281254257698058,       0.000000000000000,       0.000000000000000,                         0,                         0,       0.000000000000000,       0.000000000000000,       0.000000000000000,       0.000000000000000,       0.372569864836268,   -1311.578502957700721,       0.008000000000000,       0.008000000000000,         0,       0.000000000000000,       0.000000000000000,       0.000000000000000,       0.000000000000000,       0.000000000000000,       0.000000000000000,       0.000000000000000,       0.000000000000000,        0.000000000000000,        0.000000000000000,   64823.237198861352226,   64823.237198861352226,       0.000000000000000,       0.500000000000000,         4
  1725943046,     160.121534995807991,    5284.170776396661495,0,       2.206228617752614,       0.000000000000000,       0.850000000000000,       0.850000000000000,       0.850000000000000,       0.850000000000000,       0.850000000000000,       0.850000000000000,       0.850000000000000,       0.850000000000000,       0.000000000000000,       0.000000000000000,       0.000000000000000,       0.000000000000000,       0.000000000000000,       0.000000000000000,       0.830726471872259,       0.830726471872259,       0.835985291504618,       0.835985291504618,       0.000249792457565,       0.000249792457565,       0.000764456924095,       0.000764456924095,                   1,                   1,              1,              1,    5284.170776396661495,    5284.170776396661495,       0.594870244624572,       0.594870244624572,    5567.421139003260578,    5567.421139003260578,       0.010000276488374,       0.010000276488374,       0.000000000041063,       0.000000000041063,      45.907876382714399,      45.907876382714399,      -0.333333333333333,      -0.333333333333333,      -0.333333333333333,      -0.333333333333333,      -0.281254257698058,      -0.281254257698058,      -0.281254257698058,      -0.281254257698058,       0.000000000000000,       0.000000000000000,                         0,                         0,       0.000000000000000,       0.000000000000000,       0.000000000000000,       0.000000000000000,       0.372569864836268,   -1311.578502957700721,       0.008000000000000,       0.008000000000000,         0,       0.000000000000000,       0.000000000000000,       0.000000000000000,       0.000000000000000,       0.000000000000000,       0.000000000000000,       0.000000000000000,       0.000000000000000,        0.000000000000000,        0.000000000000000,   64192.544091378986195,   64192.544091378986195,       0.000000000000000,       0.500000000000000,         2
  1725943046,     160.121534995807991,    5284.170776396661495,0,       2.206228617752614,       0.000000000000000,       0.850000000000000,       0.850000000000000,       0.850000000000000,       0.850000000000000,       0.850000000000000,       0.850000000000000,       0.850000000000000,       0.850000000000000,       0.000000000000000,       0.000000000000000,       0.000000000000000,       0.000000000000000,       0.000000000000000,       0.000000000000000,       0.830726471872259,       0.830726471872259,       0.835985291504618,       0.835985291504618,       0.000249792457565,       0.000249792457565,       0.000764456924095,       0.000764456924095,                   1,                   1,              1,              1,    5284.170776396661495,    5284.170776396661495,       0.594870244624572,       0.594870244624572,    5567.421139003260578,    5567.421139003260578,       0.010000276488374,       0.010000276488374,       0.000000000041063,       0.000000000041063,      45.907876382714399,      45.907876382714399,      -0.333333333333333,      -0.333333333333333,      -0.333333333333333,      -0.333333333333333,      -0.281254257698058,      -0.281254257698058,      -0.281254257698058,      -0.281254257698058,       0.000000000000000,       0.000000000000000,                         0,                         0,       0.000000000000000,       0.000000000000000,       0.000000000000000,       0.000000000000000,       0.372569864836268,   -1311.578502957700721,       0.008000000000000,       0.008000000000000,         0,       0.000000000000000,       0.000000000000000,       0.000000000000000,       0.000000000000000,       0.000000000000000,       0.000000000000000,       0.000000000000000,       0.000000000000000,        0.000000000000000,        0.000000000000000,   64192.544091378986195,   64192.544091378986195,       0.000000000000000,       0.500000000000000,        10
  1725943046,     160.121534995807991,    5284.170776396661495,0,       2.206228617752614,       0.000000000000000,       0.850000000000000,       0.850000000000000,       0.850000000000000,       0.850000000000000,       0.850000000000000,       0.850000000000000,       0.850000000000000,       0.850000000000000,       0.000000000000000,       0.000000000000000,       0.000000000000000,       0.000000000000000,       0.000000000000000,       0.000000000000000,       0.830726471872259,       0.830726471872259,       0.835985291504618,       0.835985291504618,       0.000249792457565,       0.000249792457565,       0.000764456924095,       0.000764456924095,                   1,                   1,              1,              1,    5284.170776396661495,    5284.170776396661495,       0.594870244624572,       0.594870244624572,    5567.421139003260578,    5567.421139003260578,       0.010000276488374,       0.010000276488374,       0.000000000041063,       0.000000000041063,      45.907876382714399,      45.907876382714399,      -0.333333333333333,      -0.333333333333333,      -0.333333333333333,      -0.333333333333333,      -0.281254257698058,      -0.281254257698058,      -0.281254257698058,      -0.281254257698058,       0.000000000000000,       0.000000000000000,                         0,                         0,       0.000000000000000,       0.000000000000000,       0.000000000000000,       0.000000000000000,       0.372569864836268,   -1311.578502957700721,       0.008000000000000,       0.008000000000000,         0,       0.000000000000000,       0.000000000000000,       0.000000000000000,       0.000000000000000,       0.000000000000000,       0.000000000000000,       0.000000000000000,       0.000000000000000,        0.000000000000000,        0.000000000000000,   64192.544091378986195,   64192.544091378986195,       0.000000000000000,       0.500000000000000,        11
  1725943046,     160.121534995807991,    5284.170776396661495,0,       2.206228617752614,       0.000000000000000,       0.850000000000000,       0.850000000000000,       0.850000000000000,       0.850000000000000,       0.850000000000000,       0.850000000000000,       0.850000000000000,       0.850000000000000,       0.000000000000000,       0.000000000000000,       0.000000000000000,       0.000000000000000,       0.000000000000000,       0.000000000000000,       0.830726471872259,       0.830726471872259,       0.835985291504618,       0.835985291504618,       0.000249792457565,       0.000249792457565,       0.000764456924095,       0.000764456924095,                   1,                   1,              1,              1,    5284.170776396661495,    5284.170776396661495,       0.594870244624572,       0.594870244624572,    5567.421139003260578,    5567.421139003260578,       0.010000276488374,       0.010000276488374,       0.000000000041063,       0.000000000041063,      45.907876382714399,      45.907876382714399,      -0.333333333333333,      -0.333333333333333,      -0.333333333333333,      -0.333333333333333,      -0.281254257698058,      -0.281254257698058,      -0.281254257698058,      -0.281254257698058,       0.000000000000000,       0.000000000000000,                         0,                         0,       0.000000000000000,       0.000000000000000,       0.000000000000000,       0.000000000000000,       0.372669271285936,   -1311.186699869009317,       0.008000000000000,       0.008000000000000,         0,       0.000000000000000,       0.000000000000000,       0.000000000000000,       0.000000000000000,       0.000000000000000,       0.000000000000000,       0.000000000000000,       0.000000000000000,        0.000000000000000,        0.000000000000000,   64192.544091378986195,   64192.544091378986195,       0.000000000000000,       0.500000000000000,        14
  1725943046,     160.121534995807991,    5284.170776396661495,0,       2.206228617752614,       0.000000000000000,       0.850000000000000,       0.850000000000000,       0.850000000000000,       0.850000000000000,       0.850000000000000,       0.850000000000000,       0.850000000000000,       0.850000000000000,       0.000000000000000,       0.000000000000000,       0.000000000000000,       0.000000000000000,       0.000000000000000,       0.000000000000000,       0.830726471872259,       0.830726471872259,       0.835985291504618,       0.835985291504618,       0.000249792457565,       0.000249792457565,       0.000764456924095,       0.000764456924095,                   1,                   1,              1,              1,    5284.170776396661495,    5284.170776396661495,       0.594870244624572,       0.594870244624572,    5567.421139003260578,    5567.421139003260578,       0.010000276488374,       0.010000276488374,       0.000000000041063,       0.000000000041063,      45.907876382714399,      45.907876382714399,      -0.333333333333333,      -0.333333333333333,      -0.333333333333333,      -0.333333333333333,      -0.281254257698058,      -0.281254257698058,      -0.281254257698058,      -0.281254257698058,       0.000000000000000,       0.000000000000000,                         0,                         0,       0.000000000000000,       0.000000000000000,       0.000000000000000,       0.000000000000000,       0.372669271285936,   -1311.186699869009317,       0.008000000000000,       0.008000000000000,         0,       0.000000000000000,       0.000000000000000,       0.000000000000000,       0.000000000000000,       0.000000000000000,       0.000000000000000,       0.000000000000000,       0.000000000000000,        0.000000000000000,        0.000000000000000,   64192.544091378986195,   64192.544091378986195,       0.000000000000000,       0.500000000000000,         3
  1725943046,     160.121534995807991,    5284.170776396661495,0,       2.206228617752614,       0.000000000000000,       0.850000000000000,       0.850000000000000,       0.850000000000000,       0.850000000000000,       0.850000000000000,       0.850000000000000,       0.850000000000000,       0.850000000000000,       0.000000000000000,       0.000000000000000,       0.000000000000000,       0.000000000000000,       0.000000000000000,       0.000000000000000,       0.830726471872259,       0.830726471872259,       0.835985291504618,       0.835985291504618,       0.000249792457565,       0.000249792457565,       0.000764456924095,       0.000764456924095,                   1,                   1,              1,              1,    5284.170776396661495,    5284.170776396661495,       0.594870244624572,       0.594870244624572,    5567.421139003260578,    5567.421139003260578,       0.010000276488374,       0.010000276488374,       0.000000000041063,       0.000000000041063,      45.907876382714399,      45.907876382714399,      -0.333333333333333,      -0.333333333333333,      -0.333333333333333,      -0.333333333333333,      -0.281254257698058,      -0.281254257698058,      -0.281254257698058,      -0.281254257698058,       0.000000000000000,       0.000000000000000,                         0,                         0,       0.000000000000000,       0.000000000000000,       0.000000000000000,       0.000000000000000,       0.372669271285936,   -1311.186699869009317,       0.008000000000000,       0.008000000000000,         0,       0.000000000000000,       0.000000000000000,       0.000000000000000,       0.000000000000000,       0.000000000000000,       0.000000000000000,       0.000000000000000,       0.000000000000000,        0.000000000000000,        0.000000000000000,   64192.544091378986195,   64192.544091378986195,       0.000000000000000,       0.500000000000000,         4
  1725943046,     160.121534995807991,    5444.292311392469855,0,       2.206228617752614,       0.000000000000000,       0.850000000000000,       0.850000000000000,       0.850000000000000,       0.850000000000000,       0.850000000000000,       0.850000000000000,       0.850000000000000,       0.850000000000000,       0.000000000000000,       0.000000000000000,       0.000000000000000,       0.000000000000000,       0.000000000000000,       0.000000000000000,       0.832819451261576,       0.832819451261576,       0.835985291504618,       0.835985291504618,       0.000249792457565,       0.000249792457565,       0.000761576971693,       0.000761576971693,                   1,                   1,              1,              1,    5444.292311392469855,    5444.292311392469855,       0.600462925324247,       0.600462925324247,    5573.444193834964608,    5573.444193834964608,       0.010050730494286,       0.010050730494286,       0.000000000041218,       0.000000000041218,      45.365995130013467,      45.365995130013467,      -0.333333333333333,      -0.333333333333333,      -0.333333333333333,      -0.333333333333333,      -0.281254257698058,      -0.281254257698058,      -0.281254257698058,      -0.281254257698058,       0.000000000000000,       0.000000000000000,                         0,                         0,       0.000000000000000,       0.000000000000000,       0.000000000000000,       0.000000000000000,       0.372669271285936,   -1311.186699869009317,       0.008000000000000,       0.008000000000000,         0,       0.000000000000000,       0.000000000000000,       0.000000000000000,       0.000000000000000,       0.000000000000000,       0.000000000000000,       0.000000000000000,       0.000000000000000,        0.000000000000000,        0.000000000000000,   63553.993181563280814,   63553.993181563280814,       0.000000000000000,       0.500000000000000,         2
  1725943046,     160.121534995807991,    5444.292311392469855,0,       2.206228617752614,       0.000000000000000,       0.850000000000000,       0.850000000000000,       0.850000000000000,       0.850000000000000,       0.850000000000000,       0.850000000000000,       0.850000000000000,       0.850000000000000,       0.000000000000000,       0.000000000000000,       0.000000000000000,       0.000000000000000,       0.000000000000000,       0.000000000000000,       0.832819451261576,       0.832819451261576,       0.835985291504618,       0.835985291504618,       0.000249792457565,       0.000249792457565,       0.000761576971693,       0.000761576971693,                   1,                   1,              1,              1,    5444.292311392469855,    5444.292311392469855,       0.600462925324247,       0.600462925324247,    5573.444193834964608,    5573.444193834964608,       0.010050730494286,       0.010050730494286,       0.000000000041218,       0.000000000041218,      45.365995130013467,      45.365995130013467,      -0.333333333333333,      -0.333333333333333,      -0.333333333333333,      -0.333333333333333,      -0.281254257698058,      -0.281254257698058,      -0.281254257698058,      -0.281254257698058,       0.000000000000000,       0.000000000000000,                         0,                         0,       0.000000000000000,       0.000000000000000,       0.000000000000000,       0.000000000000000,       0.372669271285936,   -1311.186699869009317,       0.008000000000000,       0.008000000000000,         0,       0.000000000000000,       0.000000000000000,       0.000000000000000,       0.000000000000000,       0.000000000000000,       0.000000000000000,       0.000000000000000,       0.000000000000000,        0.000000000000000,        0.000000000000000,   63553.993181563280814,   63553.993181563280814,       0.000000000000000,       0.500000000000000,        10
  1725943046,     160.121534995807991,    5444.292311392469855,0,       2.206228617752614,       0.000000000000000,       0.850000000000000,       0.850000000000000,       0.850000000000000,       0.850000000000000,       0.850000000000000,       0.850000000000000,       0.850000000000000,       0.850000000000000,       0.000000000000000,       0.000000000000000,       0.000000000000000,       0.000000000000000,       0.000000000000000,       0.000000000000000,       0.832819451261576,       0.832819451261576,       0.835985291504618,       0.835985291504618,       0.000249792457565,       0.000249792457565,       0.000761576971693,       0.000761576971693,                   1,                   1,              1,              1,    5444.292311392469855,    5444.292311392469855,       0.600462925324247,       0.600462925324247,    5573.444193834964608,    5573.444193834964608,       0.010050730494286,       0.010050730494286,       0.000000000041218,       0.000000000041218,      45.365995130013467,      45.365995130013467,      -0.333333333333333,      -0.333333333333333,      -0.333333333333333,      -0.333333333333333,      -0.281254257698058,      -0.281254257698058,      -0.281254257698058,      -0.281254257698058,       0.000000000000000,       0.000000000000000,                         0,                         0,       0.000000000000000,       0.000000000000000,       0.000000000000000,       0.000000000000000,       0.372669271285936,   -1311.186699869009317,       0.008000000000000,       0.008000000000000,         0,       0.000000000000000,       0.000000000000000,       0.000000000000000,       0.000000000000000,       0.000000000000000,       0.000000000000000,       0.000000000000000,       0.000000000000000,        0.000000000000000,        0.000000000000000,   63553.993181563280814,   63553.993181563280814,       0.000000000000000,       0.500000000000000,        11
  1725943046,     160.121534995807991,    5444.292311392469855,0,       2.206228617752614,       0.000000000000000,       0.850000000000000,       0.850000000000000,       0.850000000000000,       0.850000000000000,       0.850000000000000,       0.850000000000000,       0.850000000000000,       0.850000000000000,       0.000000000000000,       0.000000000000000,       0.000000000000000,       0.000000000000000,       0.000000000000000,       0.000000000000000,       0.832819451261576,       0.832819451261576,       0.835985291504618,       0.835985291504618,       0.000249792457565,       0.000249792457565,       0.000761576971693,       0.000761576971693,                   1,                   1,              1,              1,    5444.292311392469855,    5444.292311392469855,       0.600462925324247,       0.600462925324247,    5573.444193834964608,    5573.444193834964608,       0.010050730494286,       0.010050730494286,       0.000000000041218,       0.000000000041218,      45.365995130013467,      45.365995130013467,      -0.333333333333333,      -0.333333333333333,      -0.333333333333333,      -0.333333333333333,      -0.281254257698058,      -0.281254257698058,      -0.281254257698058,      -0.281254257698058,       0.000000000000000,       0.000000000000000,                         0,                         0,       0.000000000000000,       0.000000000000000,       0.000000000000000,       0.000000000000000,       0.372770179297760,   -1310.788978485355074,       0.008000000000000,       0.008000000000000,         0,       0.000000000000000,       0.000000000000000,       0.000000000000000,       0.000000000000000,       0.000000000000000,       0.000000000000000,       0.000000000000000,       0.000000000000000,        0.000000000000000,        0.000000000000000,   63553.993181563280814,   63553.993181563280814,       0.000000000000000,       0.500000000000000,        14
  1725943046,     160.121534995807991,    5444.292311392469855,0,       2.206228617752614,       0.000000000000000,       0.850000000000000,       0.850000000000000,       0.850000000000000,       0.850000000000000,       0.850000000000000,       0.850000000000000,       0.850000000000000,       0.850000000000000,       0.000000000000000,       0.000000000000000,       0.000000000000000,       0.000000000000000,       0.000000000000000,       0.000000000000000,       0.832819451261576,       0.832819451261576,       0.835985291504618,       0.835985291504618,       0.000249792457565,       0.000249792457565,       0.000761576971693,       0.000761576971693,                   1,                   1,              1,              1,    5444.292311392469855,    5444.292311392469855,       0.600462925324247,       0.600462925324247,    5573.444193834964608,    5573.444193834964608,       0.010050730494286,       0.010050730494286,       0.000000000041218,       0.000000000041218,      45.365995130013467,      45.365995130013467,      -0.333333333333333,      -0.333333333333333,      -0.333333333333333,      -0.333333333333333,      -0.281254257698058,      -0.281254257698058,      -0.281254257698058,      -0.281254257698058,       0.000000000000000,       0.000000000000000,                         0,                         0,       0.000000000000000,       0.000000000000000,       0.000000000000000,       0.000000000000000,       0.372770179297760,   -1310.788978485355074,       0.008000000000000,       0.008000000000000,         0,       0.000000000000000,       0.000000000000000,       0.000000000000000,       0.000000000000000,       0.000000000000000,       0.000000000000000,       0.000000000000000,       0.000000000000000,        0.000000000000000,        0.000000000000000,   63553.993181563280814,   63553.993181563280814,       0.000000000000000,       0.500000000000000,         3
  1725943046,     160.121534995807991,    5444.292311392469855,0,       2.206228617752614,       0.000000000000000,       0.850000000000000,       0.850000000000000,       0.850000000000000,       0.850000000000000,       0.850000000000000,       0.850000000000000,       0.850000000000000,       0.850000000000000,       0.000000000000000,       0.000000000000000,       0.000000000000000,       0.000000000000000,       0.000000000000000,       0.000000000000000,       0.832819451261576,       0.832819451261576,       0.835985291504618,       0.835985291504618,       0.000249792457565,       0.000249792457565,       0.000761576971693,       0.000761576971693,                   1,                   1,              1,              1,    5444.292311392469855,    5444.292311392469855,       0.600462925324247,       0.600462925324247,    5573.444193834964608,    5573.444193834964608,       0.010050730494286,       0.010050730494286,       0.000000000041218,       0.000000000041218,      45.365995130013467,      45.365995130013467,      -0.333333333333333,      -0.333333333333333,      -0.333333333333333,      -0.333333333333333,      -0.281254257698058,      -0.281254257698058,      -0.281254257698058,      -0.281254257698058,       0.000000000000000,       0.000000000000000,                         0,                         0,       0.000000000000000,       0.000000000000000,       0.000000000000000,       0.000000000000000,       0.372770179297760,   -1310.788978485355074,       0.008000000000000,       0.008000000000000,         0,       0.000000000000000,       0.000000000000000,       0.000000000000000,       0.000000000000000,       0.000000000000000,       0.000000000000000,       0.000000000000000,       0.000000000000000,        0.000000000000000,        0.000000000000000,   63553.993181563280814,   63553.993181563280814,       0.000000000000000,       0.500000000000000,         4
  1725943046,     160.121534995807991,    5604.413846388278216,0,       2.206228617752614,       0.000000000000000,       0.850000000000000,       0.850000000000000,       0.850000000000000,       0.850000000000000,       0.850000000000000,       0.850000000000000,       0.850000000000000,       0.850000000000000,       0.000000000000000,       0.000000000000000,       0.000000000000000,       0.000000000000000,       0.000000000000000,       0.000000000000000,       0.834939244135773,       0.834939244135773,       0.835985291504618,       0.835985291504618,       0.000249792457565,       0.000249792457565,       0.000758678508708,       0.000758678508708,                   1,                   1,              1,              1,    5604.413846388278216,    5604.413846388278216,       0.606161447601327,       0.606161447601327,    5579.524361510894778,    5579.524361510894778,       0.010101960281190,       0.010101960281190,       0.000000000041375,       0.000000000041375,      44.825414450789737,      44.825414450789737,      -0.333333333333333,      -0.333333333333333,      -0.333333333333333,      -0.333333333333333,      -0.281254257698058,      -0.281254257698058,      -0.281254257698058,      -0.281254257698058,       0.000000000000000,       0.000000000000000,                         0,                         0,       0.000000000000000,       0.000000000000000,       0.000000000000000,       0.000000000000000,       0.372770179297760,   -1310.788978485355074,       0.008000000000000,       0.008000000000000,         0,       0.000000000000000,       0.000000000000000,       0.000000000000000,       0.000000000000000,       0.000000000000000,       0.000000000000000,       0.000000000000000,       0.000000000000000,        0.000000000000000,        0.000000000000000,   62908.188122330007900,   62908.188122330007900,       0.000000000000000,       0.500000000000000,         2
  1725943046,     160.121534995807991,    5604.413846388278216,0,       2.206228617752614,       0.000000000000000,       0.850000000000000,       0.850000000000000,       0.850000000000000,       0.850000000000000,       0.850000000000000,       0.850000000000000,       0.850000000000000,       0.850000000000000,       0.000000000000000,       0.000000000000000,       0.000000000000000,       0.000000000000000,       0.000000000000000,       0.000000000000000,       0.834939244135773,       0.834939244135773,       0.835985291504618,       0.835985291504618,       0.000249792457565,       0.000249792457565,       0.000758678508708,       0.000758678508708,                   1,                   1,              1,              1,    5604.413846388278216,    5604.413846388278216,       0.606161447601327,       0.606161447601327,    5579.524361510894778,    5579.524361510894778,       0.010101960281190,       0.010101960281190,       0.000000000041375,       0.000000000041375,      44.825414450789737,      44.825414450789737,      -0.333333333333333,      -0.333333333333333,      -0.333333333333333,      -0.333333333333333,      -0.281254257698058,      -0.281254257698058,      -0.281254257698058,      -0.281254257698058,       0.000000000000000,       0.000000000000000,                         0,                         0,       0.000000000000000,       0.000000000000000,       0.000000000000000,       0.000000000000000,       0.372770179297760,   -1310.788978485355074,       0.008000000000000,       0.008000000000000,         0,       0.000000000000000,       0.000000000000000,       0.000000000000000,       0.000000000000000,       0.000000000000000,       0.000000000000000,       0.000000000000000,       0.000000000000000,        0.000000000000000,        0.000000000000000,   62908.188122330007900,   62908.188122330007900,       0.000000000000000,       0.500000000000000,        10
  1725943046,     160.121534995807991,    5604.413846388278216,0,       2.206228617752614,       0.000000000000000,       0.850000000000000,       0.850000000000000,       0.850000000000000,       0.850000000000000,       0.850000000000000,       0.850000000000000,       0.850000000000000,       0.850000000000000,       0.000000000000000,       0.000000000000000,       0.000000000000000,       0.000000000000000,       0.000000000000000,       0.000000000000000,       0.834939244135773,       0.834939244135773,       0.835985291504618,       0.835985291504618,       0.000249792457565,       0.000249792457565,       0.000758678508708,       0.000758678508708,                   1,                   1,              1,              1,    5604.413846388278216,    5604.413846388278216,       0.606161447601327,       0.606161447601327,    5579.524361510894778,    5579.524361510894778,       0.010101960281190,       0.010101960281190,       0.000000000041375,       0.000000000041375,      44.825414450789737,      44.825414450789737,      -0.333333333333333,      -0.333333333333333,      -0.333333333333333,      -0.333333333333333,      -0.281254257698058,      -0.281254257698058,      -0.281254257698058,      -0.281254257698058,       0.000000000000000,       0.000000000000000,                         0,                         0,       0.000000000000000,       0.000000000000000,       0.000000000000000,       0.000000000000000,       0.372770179297760,   -1310.788978485355074,       0.008000000000000,       0.008000000000000,         0,       0.000000000000000,       0.000000000000000,       0.000000000000000,       0.000000000000000,       0.000000000000000,       0.000000000000000,       0.000000000000000,       0.000000000000000,        0.000000000000000,        0.000000000000000,   62908.188122330007900,   62908.188122330007900,       0.000000000000000,       0.500000000000000,        11
  1725943046,     160.121534995807991,    5604.413846388278216,0,       2.206228617752614,       0.000000000000000,       0.850000000000000,       0.850000000000000,       0.850000000000000,       0.850000000000000,       0.850000000000000,       0.850000000000000,       0.850000000000000,       0.850000000000000,       0.000000000000000,       0.000000000000000,       0.000000000000000,       0.000000000000000,       0.000000000000000,       0.000000000000000,       0.834939244135773,       0.834939244135773,       0.835985291504618,       0.835985291504618,       0.000249792457565,       0.000249792457565,       0.000758678508708,       0.000758678508708,                   1,                   1,              1,              1,    5604.413846388278216,    5604.413846388278216,       0.606161447601327,       0.606161447601327,    5579.524361510894778,    5579.524361510894778,       0.010101960281190,       0.010101960281190,       0.000000000041375,       0.000000000041375,      44.825414450789737,      44.825414450789737,      -0.333333333333333,      -0.333333333333333,      -0.333333333333333,      -0.333333333333333,      -0.281254257698058,      -0.281254257698058,      -0.281254257698058,      -0.281254257698058,       0.000000000000000,       0.000000000000000,                         0,                         0,       0.000000000000000,       0.000000000000000,       0.000000000000000,       0.000000000000000,       0.372872638871568,   -1310.385141736151127,       0.008000000000000,       0.008000000000000,         0,       0.000000000000000,       0.000000000000000,       0.000000000000000,       0.000000000000000,       0.000000000000000,       0.000000000000000,       0.000000000000000,       0.000000000000000,        0.000000000000000,        0.000000000000000,   62908.188122330007900,   62908.188122330007900,       0.000000000000000,       0.500000000000000,        14
  1725943046,     160.121534995807991,    5604.413846388278216,0,       2.206228617752614,       0.000000000000000,       0.850000000000000,       0.850000000000000,       0.850000000000000,       0.850000000000000,       0.850000000000000,       0.850000000000000,       0.850000000000000,       0.850000000000000,       0.000000000000000,       0.000000000000000,       0.000000000000000,       0.000000000000000,       0.000000000000000,       0.000000000000000,       0.834939244135773,       0.834939244135773,       0.835985291504618,       0.835985291504618,       0.000249792457565,       0.000249792457565,       0.000758678508708,       0.000758678508708,                   1,                   1,              1,              1,    5604.413846388278216,    5604.413846388278216,       0.606161447601327,       0.606161447601327,    5579.524361510894778,    5579.524361510894778,       0.010101960281190,       0.010101960281190,       0.000000000041375,       0.000000000041375,      44.825414450789737,      44.825414450789737,      -0.333333333333333,      -0.333333333333333,      -0.333333333333333,      -0.333333333333333,      -0.281254257698058,      -0.281254257698058,      -0.281254257698058,      -0.281254257698058,       0.000000000000000,       0.000000000000000,                         0,                         0,       0.000000000000000,       0.000000000000000,       0.000000000000000,       0.000000000000000,       0.372872638871568,   -1310.385141736151127,       0.008000000000000,       0.008000000000000,         0,       0.000000000000000,       0.000000000000000,       0.000000000000000,       0.000000000000000,       0.000000000000000,       0.000000000000000,       0.000000000000000,       0.000000000000000,        0.000000000000000,        0.000000000000000,   62908.188122330007900,   62908.188122330007900,       0.000000000000000,       0.500000000000000,         3
  1725943046,     160.121534995807991,    5604.413846388278216,0,       2.206228617752614,       0.000000000000000,       0.850000000000000,       0.850000000000000,       0.850000000000000,       0.850000000000000,       0.850000000000000,       0.850000000000000,       0.850000000000000,       0.850000000000000,       0.000000000000000,       0.000000000000000,       0.000000000000000,       0.000000000000000,       0.000000000000000,       0.000000000000000,       0.834939244135773,       0.834939244135773,       0.835985291504618,       0.835985291504618,       0.000249792457565,       0.000249792457565,       0.000758678508708,       0.000758678508708,                   1,                   1,              1,              1,    5604.413846388278216,    5604.413846388278216,       0.606161447601327,       0.606161447601327,    5579.524361510894778,    5579.524361510894778,       0.010101960281190,       0.010101960281190,       0.000000000041375,       0.000000000041375,      44.825414450789737,      44.825414450789737,      -0.333333333333333,      -0.333333333333333,      -0.333333333333333,      -0.333333333333333,      -0.281254257698058,      -0.281254257698058,      -0.281254257698058,      -0.281254257698058,       0.000000000000000,       0.000000000000000,                         0,                         0,       0.000000000000000,       0.000000000000000,       0.000000000000000,       0.000000000000000,       0.372872638871568,   -1310.385141736151127,       0.008000000000000,       0.008000000000000,         0,       0.000000000000000,       0.000000000000000,       0.000000000000000,       0.000000000000000,       0.000000000000000,       0.000000000000000,       0.000000000000000,       0.000000000000000,        0.000000000000000,        0.000000000000000,   62908.188122330007900,   62908.188122330007900,       0.000000000000000,       0.500000000000000,         4
  1725943046,     160.121534995807991,    5764.535381384086577,0,       2.206228617752614,       0.000000000000000,       0.850000000000000,       0.850000000000000,       0.850000000000000,       0.850000000000000,       0.850000000000000,       0.850000000000000,       0.850000000000000,       0.850000000000000,       0.000000000000000,       0.000000000000000,       0.000000000000000,       0.000000000000000,       0.000000000000000,       0.000000000000000,       0.837086706592419,       0.837086706592419,       0.835985291504618,       0.835985291504618,       0.000249792457565,       0.000249792457565,       0.000755760910844,       0.000755760910844,                   1,                   1,              1,              1,    5764.535381384086577,    5764.535381384086577,       0.611967901400620,       0.611967901400620,    5585.659732263823571,    5585.659732263823571,       0.010153991560167,       0.010153991560167,       0.000000000041535,       0.000000000041535,      44.286199384527784,      44.286199384527784,      -0.333333333333333,      -0.333333333333333,      -0.333333333333333,      -0.333333333333333,      -0.281254257698058,      -0.281254257698058,      -0.281254257698058,      -0.281254257698058,       0.000000000000000,       0.000000000000000,                         0,                         0,       0.000000000000000,       0.000000000000000,       0.000000000000000,       0.000000000000000,       0.372872638871568,   -1310.385141736151127,       0.008000000000000,       0.008000000000000,         0,       0.000000000000000,       0.000000000000000,       0.000000000000000,       0.000000000000000,       0.000000000000000,       0.000000000000000,       0.000000000000000,       0.000000000000000,        0.000000000000000,        0.000000000000000,   62255.688329036522191,   62255.688329036522191,       0.000000000000000,       0.500000000000000,         2
  1725943046,     160.121534995807991,    5764.535381384086577,0,       2.206228617752614,       0.000000000000000,       0.850000000000000,       0.850000000000000,       0.850000000000000,       0.850000000000000,       0.850000000000000,       0.850000000000000,       0.850000000000000,       0.850000000000000,       0.000000000000000,       0.000000000000000,       0.000000000000000,       0.000000000000000,       0.000000000000000,       0.000000000000000,       0.837086706592419,       0.837086706592419,       0.835985291504618,       0.835985291504618,       0.000249792457565,       0.000249792457565,       0.000755760910844,       0.000755760910844,                   1,                   1,              1,              1,    5764.535381384086577,    5764.535381384086577,       0.611967901400620,       0.611967901400620,    5585.659732263823571,    5585.659732263823571,       0.010153991560167,       0.010153991560167,       0.000000000041535,       0.000000000041535,      44.286199384527784,      44.286199384527784,      -0.333333333333333,      -0.333333333333333,      -0.333333333333333,      -0.333333333333333,      -0.281254257698058,      -0.281254257698058,      -0.281254257698058,      -0.281254257698058,       0.000000000000000,       0.000000000000000,                         0,                         0,       0.000000000000000,       0.000000000000000,       0.000000000000000,       0.000000000000000,       0.372872638871568,   -1310.385141736151127,       0.008000000000000,       0.008000000000000,         0,       0.000000000000000,       0.000000000000000,       0.000000000000000,       0.000000000000000,       0.000000000000000,       0.000000000000000,       0.000000000000000,       0.000000000000000,        0.000000000000000,        0.000000000000000,   62255.688329036522191,   62255.688329036522191,       0.000000000000000,       0.500000000000000,        10
  1725943046,     160.121534995807991,    5764.535381384086577,0,       2.206228617752614,       0.000000000000000,       0.850000000000000,       0.850000000000000,       0.850000000000000,       0.850000000000000,       0.850000000000000,       0.850000000000000,       0.850000000000000,       0.850000000000000,       0.000000000000000,       0.000000000000000,       0.000000000000000,       0.000000000000000,       0.000000000000000,       0.000000000000000,       0.837086706592419,       0.837086706592419,       0.835985291504618,       0.835985291504618,       0.000249792457565,       0.000249792457565,       0.000755760910844,       0.000755760910844,                   1,                   1,              1,              1,    5764.535381384086577,    5764.535381384086577,       0.611967901400620,       0.611967901400620,    5585.659732263823571,    5585.659732263823571,       0.010153991560167,       0.010153991560167,       0.000000000041535,       0.000000000041535,      44.286199384527784,      44.286199384527784,      -0.333333333333333,      -0.333333333333333,      -0.333333333333333,      -0.333333333333333,      -0.281254257698058,      -0.281254257698058,      -0.281254257698058,      -0.281254257698058,       0.000000000000000,       0.000000000000000,                         0,                         0,       0.000000000000000,       0.000000000000000,       0.000000000000000,       0.000000000000000,       0.372872638871568,   -1310.385141736151127,       0.008000000000000,       0.008000000000000,         0,       0.000000000000000,       0.000000000000000,       0.000000000000000,       0.000000000000000,       0.000000000000000,       0.000000000000000,       0.000000000000000,       0.000000000000000,        0.000000000000000,        0.000000000000000,   62255.688329036522191,   62255.688329036522191,       0.000000000000000,       0.500000000000000,        11
  1725943046,     160.121534995807991,    5764.535381384086577,0,       2.206228617752614,       0.000000000000000,       0.850000000000000,       0.850000000000000,       0.850000000000000,       0.850000000000000,       0.850000000000000,       0.850000000000000,       0.850000000000000,       0.850000000000000,       0.000000000000000,       0.000000000000000,       0.000000000000000,       0.000000000000000,       0.000000000000000,       0.000000000000000,       0.837086706592419,       0.837086706592419,       0.835985291504618,       0.835985291504618,       0.000249792457565,       0.000249792457565,       0.000755760910844,       0.000755760910844,                   1,                   1,              1,              1,    5764.535381384086577,    5764.535381384086577,       0.611967901400620,       0.611967901400620,    5585.659732263823571,    5585.659732263823571,       0.010153991560167,       0.010153991560167,       0.000000000041535,       0.000000000041535,      44.286199384527784,      44.286199384527784,      -0.333333333333333,      -0.333333333333333,      -0.333333333333333,      -0.333333333333333,      -0.281254257698058,      -0.281254257698058,      -0.281254257698058,      -0.281254257698058,       0.000000000000000,       0.000000000000000,                         0,                         0,       0.000000000000000,       0.000000000000000,       0.000000000000000,       0.000000000000000,       0.372872638871568,   -1310.385141736151127,       0.008000000000000,       0.008000000000000,         6,       0.000000000000000,       0.000000000000000,       0.000000000000000,       0.000000000000000,       0.000000000000000,       0.000000000000000,       0.000000000000000,       0.000000000000000,        0.000000000000000,        0.000000000000000,   62255.688329036522191,   62255.688329036522191,       0.000000000000000,       0.500000000000000,        12
  1725943046,     160.121534995807991,    5764.535381384086577,0,       2.206228617752614,       0.000000000000000,       0.850000000000000,       0.850000000000000,       0.850000000000000,       0.850000000000000,       0.850000000000000,       0.850000000000000,       0.850000000000000,       0.850000000000000,       0.000000000000000,       0.000000000000000,       0.000000000000000,       0.000000000000000,       0.000000000000000,       0.000000000000000,       0.837086706592419,       0.837086706592419,       0.835985291504618,       0.835985291504618,       0.000249792457565,       0.000249792457565,       0.000755760910844,       0.000755760910844,                   1,                   1,              1,              1,    5764.535381384086577,    5764.535381384086577,       0.611967901400620,       0.611967901400620,    5585.659732263823571,    5585.659732263823571,       0.010153991560167,       0.010153991560167,       0.000000000041535,       0.000000000041535,      44.286199384527784,      44.286199384527784,      -0.333333333333333,      -0.333333333333333,      -0.333333333333333,      -0.333333333333333,      -0.281254257698058,      -0.281254257698058,      -0.281254257698058,      -0.281254257698058,       0.000000000000000,       0.000000000000000,                         0,                         0,       0.000000000000000,       0.000000000000000,       0.000000000000000,       0.000000000000000,       0.372976701429522,   -1309.974986944792818,       0.008000000000000,       0.008000000000000,         6,       0.000000000000000,       0.000000000000000,       0.000000000000000,       0.000000000000000,       0.000000000000000,       0.000000000000000,       0.000000000000000,       0.000000000000000,        0.000000000000000,        0.000000000000000,   62255.688329036522191,   62255.688329036522191,       0.000000000000000,       0.500000000000000,         3
  1725943046,     160.121534995807991,    5764.535381384086577,0,       2.206228617752614,       0.000000000000000,       0.850000000000000,       0.850000000000000,       1.572500000000000,       0.000000000000000,       1.572500000000000,       0.000000000000000,       1.572500000000000,       0.000000000000000,       0.000000000000000,       0.000000000000000,       0.000000000000000,       0.000000000000000,       0.000000000000000,       0.000000000000000,       1.522455523726823,       0.000000000000000,                    -nan,                    -nan,       0.000249792457565,       0.000249792457565,       0.000419091677333,                    -nan,                   1,                   1,              1,             15,    5764.535381384086577,       0.000000000000000,       9.261679328276951,       0.000000000000000,    8169.164951881791239,       0.000000000000000,       0.062137941895414,       0.000000000000000,       0.000000000074902,                    -nan,       5.506512151750131,                    -nan,      -0.333333333333333,       0.000000000000000,      -0.333333333333333,       0.000000000000000,      -0.281254257698058,       0.000000000000000,      -0.281254257698058,       0.000000000000000,       0.000000000000000,       0.000000000000000,                         0,                         0,       0.000000000000000,       0.000000000000000,       0.000000000000000,       0.000000000000000,       0.372976701429522,   -1309.974986944792818,       0.008000000000000,       0.008000000000000,         6,       0.000000000000000,       0.000000000000000,       0.000000000000000,       0.000000000000000,       0.000000000000000,       0.000000000000000,       0.000000000000000,       0.000000000000000,        0.000000000000000,        0.000000000000000,     194.456127611672940,      -1.000000000000000,       0.000000000000000,       0.500000000000000,         4
  1725943046,       0.000001000000000,    5764.535382384086915,0,       2.206228617752614,       0.000000000000000,       0.850000000000000,       0.850000000000000,       1.572500000000000,       0.000000000000000,       1.572500000000000,       0.000000000000000,       1.392016641699373,       0.000000000000000,       0.180483358300627,       0.000000000000000,       0.180483358300627,       0.000000000000000,       0.000000000000000,       0.000000000000000,       2.567284705750007,       0.000000000000000,                    -nan,                    -nan,       0.000249792457565,       0.000249792457565,       0.000191388089564,                    -nan,                   1,                   1,              2,             15,    1981.523859392228360,       0.000000000000000,      17.784016750666595,       0.000000000000000,    7405.390854633167692,       0.000000000000000,       0.156414984545916,       0.000000000000000,       0.000000000164016,                    -nan,       1.505430938941795,                    -nan,      -0.149534817067820,       0.000000000000000,      -0.149534817067820,       0.000000000000000,      -0.281214422907131,       0.000000000000000,      -0.281214422907131,       0.000000000000000,       0.000000000000000,       0.000000000000000,                         0,                         0,       0.000000000000000,       0.000000000000000,       0.000000000000000,       0.000000000000000,       0.372976701429522,   -1309.974986944792818,       0.008000000000000,       0.008000000000000,         6,       0.000000000000000,       0.000000000000000,       0.000000000000000,       0.000000000000000,       0.000000000000000,       0.000000000000000,       0.000000000000000,       0.000000000000000,        0.000000000000000,        0.000000000000000,      -1.000000000000000,      -1.000000000000000,       0.000000000000000,       0.500000000000000,         4
  1725943046,       0.000001000000000,    5764.535382384086915,0,       2.206228617752614,       0.000000000000000,       0.850000000000000,       0.850000000000000,       1.572500000000000,       0.000000000000000,       1.572500000000000,       0.000000000000000,       1.392016641699373,       0.000000000000000,       0.180483358300627,       0.000000000000000,       0.180483358300627,       0.000000000000000,       0.000000000000000,       0.000000000000000,       2.567284705750007,       0.000000000000000,                    -nan,                    -nan,       0.000249792457565,       0.000249792457565,       0.000191388089564,                    -nan,                   1,                   1,              2,             15,    1981.523859392228360,       0.000000000000000,      17.784016750666595,       0.000000000000000,    7405.390854633167692,       0.000000000000000,       0.156414984545916,       0.000000000000000,       0.000000000164016,                    -nan,       1.505430938941795,                    -nan,      -0.149534817067820,       0.000000000000000,      -0.149534817067820,       0.000000000000000,      -0.281214422907131,       0.000000000000000,      -0.281214422907131,       0.000000000000000,       0.000000000000000,       0.000000000000000,                         0,                         0,       0.000000000000000,       0.000000000000000,       0.000000000000000,       0.000000000000000,       0.372976701429522,   -1309.974986944792818,       0.008000000000000,       0.008000000000000,         6,       0.000000000000000,       0.000000000000000,       0.000000000000000,       0.000000000000000,       0.000000000000000,       0.000000000000000,       0.000000000000000,       0.000000000000000,        0.000000000000000,        0.000000000000000,      -1.000000000000000,      -1.000000000000000,       0.000000000000000,       0.500000000000000,         5
